time,open,high,low,close,tick_volume
1075420800,49.46,49.46,49.34,49.45,24
1075680000,49.62,49.95,49.44,49.5,15
1075766400,49.62,49.71,49.61,49.66,10
1075852800,49.45,49.5,49.2,49.33,10
1075939200,49.36,49.45,49.15,49.38,12
1076025600,49.35,49.95,49.35,49.95,11
1076284800,49.95,50.01,49.88,49.88,6
1076371200,49.85,50.12,49.85,50.09,7
1076457600,50.08,50.66,49.99,50.64,21
1076544000,50.56,50.61,50.4,50.42,22
1076630400,50.55,50.61,50.1,50.13,12
1076976000,50.57,50.65,50.51,50.65,7
1077062400,50.65,50.65,50.4,50.47,15
1077148800,50.75,50.75,50.5,50.5,7
1077235200,50.0,50.04,49.88,50.04,6
1077494400,50.2,50.2,49.75,49.82,14
1077580800,49.84,50.02,49.71,49.83,7
1077667200,49.9,49.99,49.83,49.99,7
1077753600,49.88,50.08,49.88,50.08,3
1077840000,50.2,50.33,50.18,50.18,6
1078099200,50.39,50.66,50.34,50.66,8
1078185600,50.65,50.65,50.39,50.49,5
1078272000,50.17,50.33,50.17,50.33,3
1078358400,50.5,50.63,50.45,50.59,6
1078444800,50.4,50.92,50.4,50.8,12
1078704000,50.79,50.79,50.43,50.43,10
1078790400,50.15,50.15,50.0,50.07,8
1078876800,50.05,50.05,49.3,49.36,12
1078963200,49.33,49.35,48.75,48.79,8
1079049600,48.86,49.11,48.79,49.0,10
1079308800,49.05,49.05,48.43,48.45,14
1079395200,48.8,48.8,48.45,48.47,14
1079481600,49.07,49.39,49.07,49.39,15
1079568000,49.15,49.21,48.86,49.21,12
1079654400,49.21,49.21,48.75,48.75,10
1079913600,48.4,48.4,47.74,48.08,15
1080000000,48.16,48.25,47.95,48.18,5
1080086400,47.8,48.01,47.8,48.0,6
1080172800,48.1,48.61,48.08,48.54,13
1080259200,48.6,48.75,48.6,48.67,6
1080518400,48.9,49.07,48.78,48.97,19
1080604800,49.09,49.1,48.98,49.1,9
1080691200,49.17,49.42,49.17,49.42,14
1080777600,49.45,49.64,49.45,49.47,7
1080864000,49.95,50.1,49.79,49.86,17
1081123200,50.05,50.22,49.91,50.22,13
1081209600,50.0,50.18,49.98,50.16,19
1081296000,49.85,49.91,49.81,49.89,9
1081382400,49.89,50.05,49.77,49.86,10
1081728000,50.1,50.1,50.01,50.01,5
1081814400,50.3,50.3,49.3,49.4,14
1081900800,49.18,49.49,49.01,49.01,7
1081987200,49.44,49.5,49.22,49.22,4
1082073600,49.45,49.59,49.39,49.57,6
1082332800,49.5,49.61,49.33,49.61,8
1082419200,49.76,49.76,49.07,49.07,10
1082505600,48.86,49.13,48.86,49.13,4
1082592000,49.17,49.93,49.17,49.88,11
1082678400,49.9,49.9,49.58,49.88,9
1082937600,49.95,50.02,49.51,49.56,11
1083024000,49.8,50.07,49.78,49.78,12
1083110400,49.44,49.46,49.16,49.16,14
1083196800,49.16,49.29,48.45,48.45,13
1083283200,48.82,48.82,48.46,48.46,7
1083542400,48.64,48.89,48.64,48.72,12
1083628800,48.9,48.97,48.9,48.97,2
1083715200,49.08,49.12,49.06,49.07,5
1083801600,48.95,48.95,48.49,48.51,9
1083888000,48.77,48.83,48.12,48.22,10
1084147200,47.54,47.62,47.25,47.26,23
1084233600,47.65,47.86,47.62,47.8,19
1084320000,47.75,47.92,47.06,47.92,25
1084406400,47.85,48.1,47.77,47.89,13
1084492800,47.76,48.06,47.71,47.87,6
1084752000,47.48,47.56,47.32,47.32,9
1084838400,47.65,47.8,47.65,47.78,11
1084924800,48.13,48.28,47.8,47.8,16
1085011200,47.68,47.72,47.64,47.68,8
1085097600,48.01,48.04,47.98,47.98,3
1085356800,48.1,48.1,47.73,47.92,12
1085443200,47.77,48.66,47.76,48.66,20
1085529600,48.61,48.85,48.61,48.72,19
1085616000,49.12,49.17,48.86,49.01,19
1085702400,49.1,49.11,48.99,49.05,12
1086048000,49.1,49.1,48.8,49.04,17
1086134400,49.15,49.39,49.03,49.3,12
1086220800,49.14,49.27,49.11,49.11,7
1086307200,49.15,49.36,49.15,49.29,5
1086566400,49.55,49.77,49.47,49.77,5
1086652800,49.85,49.98,49.74,49.93,14
1086739200,49.8,49.88,49.54,49.54,16
1086825600,49.75,49.75,49.62,49.71,12
1087171200,49.6,49.6,49.15,49.19,16
1087257600,49.65,49.75,49.45,49.52,8
1087344000,49.56,49.65,49.56,49.65,18
1087430400,49.62,49.62,49.35,49.58,11
1087516800,49.58,49.83,49.58,49.75,24
1087776000,49.75,49.82,49.52,49.52,16
1087862400,49.54,49.66,49.24,49.6,32
1087948800,49.69,49.81,49.58,49.8,20
1088035200,50.03,50.21,49.95,49.96,30
1088121600,50.11,50.16,49.83,49.91,22
1088380800,49.8,49.8,49.29,49.36,39
1088467200,49.42,49.54,49.42,49.5,34
1088553600,49.51,49.83,49.42,49.75,29
1088640000,49.36,49.36,48.95,49.16,25
1088726400,49.29,49.29,49.01,49.08,18
1089072000,48.95,48.95,48.57,48.7,26
1089158400,48.65,48.86,48.64,48.7,60
1089244800,48.54,48.74,48.43,48.43,24
1089331200,48.58,48.58,48.43,48.47,13
1089590400,48.5,48.59,48.28,48.52,19
1089676800,48.62,48.63,48.58,48.61,11
1089763200,48.45,48.8,48.32,48.37,27
1089849600,48.49,48.53,48.33,48.38,28
1089936000,48.44,48.44,48.13,48.13,22
1090195200,48.2,48.23,47.88,48.05,27
1090281600,48.0,48.35,47.98,48.31,22
1090368000,48.56,48.56,47.79,47.79,15
1090454400,47.65,47.92,47.41,47.92,12
1090540800,47.45,47.56,47.24,47.42,24
1090800000,47.35,47.42,47.0,47.14,19
1090886400,47.45,47.45,47.34,47.4,7
1090972800,47.31,47.75,47.16,47.75,13
1091059200,48.0,48.03,47.8,48.0,14
1091145600,48.0,48.0,48.0,48.0,1
1091404800,47.9,48.29,47.8,48.26,32
1091491200,48.22,48.22,47.88,47.99,13
1091577600,47.67,47.92,47.57,47.86,21
1091664000,47.8,47.8,47.09,47.09,20
1091750400,46.95,46.95,46.31,46.4,52
1092009600,46.49,46.58,46.41,46.45,24
1092096000,46.57,46.89,46.57,46.87,17
1092182400,46.64,46.95,46.46,46.84,34
1092268800,46.76,46.76,46.39,46.47,25
1092355200,46.52,46.52,46.28,46.41,25
1092614400,46.5,47.09,46.5,46.97,25
1092700800,47.15,47.38,47.15,47.18,18
1092787200,47.31,47.67,47.3,47.67,14
1092873600,47.68,47.68,47.44,47.44,13
1092960000,47.6,47.98,47.6,47.98,15
1093219200,48.2,48.2,47.82,47.86,25
1093305600,48.0,48.01,47.75,47.75,17
1093392000,47.81,48.27,47.8,48.2,19
1093478400,48.2,48.25,48.18,48.25,12
1093564800,48.25,48.42,48.25,48.41,11
1093824000,48.31,48.32,48.05,48.05,17
1093910400,48.04,48.13,47.81,48.13,17
1093996800,48.12,48.4,48.12,48.29,25
1094083200,48.34,48.89,48.34,48.83,9
1094169600,48.91,48.91,48.69,48.73,13
1094515200,48.98,49.15,48.83,48.83,14
1094601600,48.87,48.96,48.78,48.78,7
1094688000,48.9,48.9,48.9,48.9,1
1094774400,48.72,49.11,48.72,49.11,8
1095033600,49.3,49.37,49.16,49.2,23
1095120000,49.3,49.38,49.19,49.31,19
1095206400,49.18,49.18,49.02,49.1,9
1095292800,49.12,49.29,49.12,49.14,6
1095379200,49.22,49.42,49.22,49.42,9
1095638400,49.28,49.29,49.11,49.11,8
1095724800,49.2,49.45,49.2,49.45,7
1095811200,49.16,49.16,48.72,48.72,14
1095897600,48.6,48.7,48.52,48.7,8
1095984000,48.6,48.72,48.6,48.63,10
1096243200,48.39,48.39,48.22,48.3,6
1096329600,48.2,48.51,48.1,48.51,9
1096416000,48.46,48.58,48.46,48.58,4
1096502400,48.5,48.68,48.5,48.59,6
1096588800,48.99,49.41,48.99,49.41,7
1096848000,49.85,49.85,49.59,49.59,18
1096934400,49.7,49.7,49.5,49.5,8
1097020800,49.53,49.71,49.53,49.71,5
1097107200,49.63,49.63,49.5,49.5,16
1097193600,49.2,49.49,48.91,48.91,13
1097452800,49.23,49.23,49.04,49.06,11
1097539200,48.84,49.02,48.77,49.02,10
1097625600,49.04,49.04,48.51,48.66,12
1097712000,48.63,48.63,48.15,48.15,11
1097798400,48.34,48.59,48.24,48.38,26
1098057600,48.3,48.63,48.22,48.62,11
1098144000,48.81,48.81,48.23,48.23,20
1098230400,48.09,48.27,47.77,48.15,22
1098316800,48.29,48.33,48.1,48.33,12
1098403200,48.3,48.35,47.9,47.95,19
1098662400,47.85,47.93,47.68,47.92,27
1098748800,47.85,48.54,47.85,48.54,21
1098835200,48.48,49.19,48.45,49.19,35
1098921600,49.11,49.42,48.97,49.18,24
1099008000,49.38,49.4,49.15,49.3,19
1099267200,49.47,49.47,49.25,49.31,16
1099353600,49.31,49.84,49.31,49.33,33
1099440000,50.32,50.32,49.83,49.83,22
1099526400,50.09,50.71,49.96,50.71,37
1099612800,50.97,51.18,50.86,50.96,32
1099872000,50.77,51.0,50.77,50.91,27
1099958400,50.8,51.02,50.8,50.95,17
1100044800,50.93,51.14,50.85,50.85,10
1100131200,51.03,51.38,51.02,51.32,7
1100217600,51.26,51.73,51.26,51.73,14
1100476800,51.75,51.8,51.68,51.8,11
1100563200,51.75,51.75,51.41,51.41,15
1100649600,51.8,52.03,51.69,51.7,25
1100736000,51.68,51.84,51.68,51.84,14
1100822400,51.61,51.64,51.2,51.29,23
1101081600,51.29,51.51,51.14,51.51,13
1101168000,51.62,51.67,51.39,51.46,8
1101254400,51.63,51.72,51.63,51.72,4
1101427200,51.95,51.97,51.88,51.92,6
1101686400,52.05,52.05,51.49,51.77,23
1101772800,51.57,51.66,51.54,51.55,17
1101859200,51.76,52.16,51.76,52.16,9
1101945600,52.11,52.37,52.11,52.19,11
1102032000,52.43,52.43,52.13,52.32,24
1102291200,52.03,52.34,52.02,52.26,18
1102377600,52.26,52.26,51.72,51.76,29
1102464000,51.7,51.94,51.68,51.82,26
1102550400,51.69,52.03,51.61,52.03,3
1102636800,52.11,52.22,52.05,52.14,10
1102896000,52.36,52.55,52.36,52.5,7
1102982400,52.69,52.92,52.62,52.92,16
1103068800,52.95,52.97,52.7,52.97,12
1103155200,52.9,53.02,52.65,52.89,21
1103241600,52.89,52.89,52.46,52.66,10
1103500800,52.84,52.84,52.52,52.55,6
1103587200,52.78,53.01,52.61,52.94,14
1103673600,52.72,52.89,52.59,52.73,32
1103760000,52.96,52.99,52.92,52.92,17
1104105600,53.0,54.1,52.77,52.79,21
1104192000,52.82,53.05,52.82,53.05,12
1104278400,53.05,53.05,53.02,53.02,3
1104364800,53.17,53.21,53.06,53.21,13
1104451200,53.15,53.19,53.05,53.19,7
1104710400,53.3,53.3,52.55,52.58,26
1104796800,52.52,52.64,51.84,52.0,23
1104883200,51.98,51.99,51.73,51.73,17
1104969600,51.92,52.04,51.82,51.95,10
1105056000,52.1,52.1,51.62,51.85,23
1105315200,51.85,52.21,51.85,51.96,16
1105401600,51.8,51.81,51.69,51.73,12
1105488000,51.81,51.81,51.38,51.66,7
1105574400,51.78,51.93,51.67,51.67,11
1105660800,51.67,51.8,51.64,51.75,8
1106006400,51.74,52.3,51.63,52.3,5
1106092800,52.18,52.18,51.94,51.94,8
1106179200,51.43,51.54,51.43,51.44,5
1106265600,51.62,51.62,51.16,51.16,16
1106524800,51.34,51.34,50.98,50.98,15
1106611200,51.25,51.31,51.25,51.28,4
1106697600,51.36,51.38,51.25,51.35,10
1106784000,51.52,51.52,51.19,51.42,14
1106870400,51.3,51.3,51.08,51.15,6
1107129600,51.53,51.68,51.53,51.67,13
1107216000,51.77,52.07,51.74,52.07,12
1107302400,52.08,52.17,51.99,52.15,22
1107388800,52.1,52.1,51.94,51.94,5
1107475200,52.28,52.67,52.28,52.67,7
1107734400,52.64,52.73,52.51,52.57,22
1107820800,52.68,52.77,52.59,52.69,11
1107907200,52.72,52.72,52.24,52.24,16
1107993600,52.48,52.48,52.44,52.47,4
1108080000,52.48,52.94,52.34,52.87,15
1108339200,52.76,52.89,52.76,52.89,9
1108425600,53.09,53.14,52.92,53.04,12
1108512000,52.99,53.08,52.89,53.08,5
1108598400,53.1,53.1,52.73,52.77,13
1108684800,52.59,52.73,52.48,52.73,14
1109030400,52.39,52.59,51.95,52.01,13
1109116800,52.16,52.23,52.11,52.23,12
1109203200,52.31,52.63,52.23,52.63,11
1109289600,52.74,53.18,52.74,53.15,6
1109548800,53.14,53.14,52.75,52.87,12
1109635200,53.09,53.16,53.03,53.16,9
1109721600,52.96,53.38,52.96,53.19,48
1109808000,53.19,53.22,52.92,53.21,12
1109894400,53.42,53.72,53.42,53.68,11
1110153600,53.84,53.96,53.75,53.78,42
1110240000,53.71,53.73,53.6,53.64,79
1110326400,53.52,53.52,52.97,52.97,19
1110412800,53.19,53.19,52.77,53.07,9
1110499200,53.09,53.09,52.81,52.81,5
1110758400,52.92,52.98,52.8,52.98,18
1110844800,53.27,53.27,52.76,52.76,10
1110931200,52.6,52.6,52.17,52.25,19
1111017600,52.39,52.45,52.29,52.29,18
1111104000,52.29,52.29,52.08,52.22,11
1111363200,52.33,52.33,51.95,52.11,13
1111449600,52.21,52.28,51.81,51.81,10
1111536000,51.5,51.73,51.42,51.62,11
1111622400,51.5,51.69,51.45,51.45,10
1111968000,51.43,51.64,51.43,51.64,9
1112054400,51.44,51.7,51.2,51.2,16
1112140800,51.25,51.63,51.25,51.62,8
1112227200,51.74,51.97,51.74,51.9,12
1112313600,51.8,52.22,51.39,51.45,16
1112572800,51.56,51.71,51.25,51.71,12
1112659200,51.85,51.91,51.77,51.82,17
1112745600,51.97,52.13,51.91,51.93,30
1112832000,52.04,52.24,52.0,52.22,31
1112918400,52.28,52.28,51.88,51.88,18
1113177600,51.78,51.88,51.78,51.82,10
1113264000,51.75,52.12,51.45,52.08,16
1113350400,51.97,51.97,51.54,51.54,11
1113436800,51.55,51.55,51.0,51.0,22
1113523200,50.83,50.98,50.12,50.2,39
1113782400,50.15,50.39,50.02,50.34,29
1113868800,50.65,50.71,50.39,50.69,33
1113955200,50.54,50.65,50.0,50.0,34
1114041600,50.44,50.91,50.24,50.88,22
1114128000,50.84,50.91,50.26,50.4,19
1114387200,50.94,51.11,50.91,50.94,31
1114473600,50.89,51.11,50.77,50.84,37
1114560000,50.5,50.9,50.37,50.81,24
1114646400,50.5,50.65,50.28,50.29,22
1114732800,50.6,50.72,50.01,50.65,35
1114992000,51.0,51.08,50.81,51.08,16
1115078400,50.99,51.12,50.86,50.95,21
1115164800,51.18,51.64,51.18,51.63,11
1115251200,51.74,51.78,51.32,51.58,38
1115337600,51.76,51.76,51.5,51.55,28
1115596800,51.55,51.75,51.52,51.71,24
1115683200,51.51,51.62,51.17,51.24,36
1115769600,51.25,51.58,51.0,51.53,13
1115856000,51.61,51.61,50.98,51.1,24
1115942400,51.11,51.16,50.65,50.81,26
1116201600,50.88,51.33,50.88,51.33,24
1116288000,51.23,51.65,51.1,51.63,26
1116374400,52.02,52.27,51.99,52.23,21
1116460800,52.26,52.49,52.2,52.39,43
1116547200,52.39,52.46,52.26,52.44,16
1116806400,52.48,52.78,52.43,52.56,22
1116892800,52.46,52.65,52.46,52.65,29
1116979200,52.44,52.46,52.27,52.42,18
1117065600,52.65,52.77,52.65,52.77,9
1117152000,52.68,52.9,52.68,52.88,18
1117497600,52.87,52.87,52.56,52.69,21
1117584000,52.7,53.23,52.7,53.05,23
1117670400,52.95,53.18,52.9,53.18,36
1117756800,53.13,53.16,52.8,52.83,26
1118016000,52.9,52.9,52.73,52.88,22
1118102400,52.94,53.4,52.94,52.95,32
1118188800,53.12,53.15,52.69,52.82,29
1118275200,52.72,53.1,52.68,53.1,25
1118361600,53.16,53.16,52.77,52.93,20
1118620800,52.97,53.25,52.83,53.1,25
1118707200,53.14,53.3,53.14,53.21,30
1118793600,53.45,53.45,53.04,53.22,28
1118880000,53.37,53.58,53.37,53.58,29
1118966400,53.92,53.92,53.66,53.8,10
1119225600,53.69,53.92,53.58,53.84,20
1119312000,53.88,53.88,53.66,53.66,22
1119398400,53.85,53.85,53.64,53.7,21
1119484800,53.81,53.82,53.2,53.23,39
1119571200,53.2,53.2,52.82,52.92,23
1119830400,52.59,52.69,52.48,52.64,52
1119916800,52.85,53.07,52.85,53.07,34
1120003200,53.14,53.15,52.93,53.03,28
1120089600,53.12,53.13,52.76,52.76,31
1120176000,52.71,52.79,52.68,52.74,30
1120521600,52.75,53.32,52.75,53.23,26
1120608000,53.31,53.32,52.86,52.86,23
1120694400,52.38,52.95,52.38,52.95,15
1120780800,53.09,53.62,53.07,53.59,20
1121040000,53.75,53.91,53.68,53.82,25
1121126400,53.78,54.15,53.78,54.07,21
1121212800,54.19,54.19,53.94,54.0,23
1121299200,54.55,54.55,54.13,54.23,24
1121385600,54.24,54.27,54.13,54.27,15
1121644800,54.03,54.14,54.02,54.09,18
1121731200,54.02,54.42,54.02,54.42,17
1121817600,54.2,54.67,54.06,54.67,27
1121904000,54.42,54.52,54.2,54.31,37
1121990400,54.43,54.55,54.23,54.55,22
1122249600,54.72,54.72,54.31,54.36,32
1122336000,54.45,54.56,54.29,54.47,30
1122422400,54.62,54.7,54.44,54.7,22
1122508800,54.85,55.08,54.68,55.03,26
1122595200,55.03,55.03,54.59,54.59,29
1122854400,54.88,54.88,54.68,54.7,23
1122940800,54.82,55.06,54.82,55.06,26
1123027200,54.82,55.12,54.82,54.99,23
1123113600,55.02,55.02,54.67,54.69,20
1123200000,54.68,54.68,54.21,54.27,30
1123459200,54.52,54.52,54.02,54.09,31
1123545600,54.34,54.54,54.26,54.36,20
1123632000,54.8,54.91,54.33,54.38,24
1123718400,54.55,54.73,54.41,54.73,22
1123804800,54.7,54.7,54.24,54.4,16
1124064000,54.57,54.73,54.29,54.72,17
1124150400,54.61,54.61,54.1,54.1,17
1124236800,54.1,54.18,54.05,54.18,7
1124323200,53.94,54.08,53.85,53.97,34
1124409600,54.2,54.25,54.02,54.02,17
1124668800,54.27,54.36,53.99,54.08,18
1124755200,54.26,54.26,53.9,54.0,14
1124841600,53.8,54.21,53.65,53.65,11
1124928000,53.65,53.81,53.61,53.75,21
1125014400,53.64,53.64,53.35,53.5,12
1125273600,53.4,53.74,53.27,53.72,17
1125360000,53.66,53.66,53.34,53.53,17
1125446400,53.58,54.08,53.43,54.08,23
1125532800,54.07,54.38,53.96,54.28,17
1125619200,54.22,54.27,54.11,54.17,15
1125964800,54.21,54.72,54.21,54.66,22
1126051200,54.35,54.85,54.35,54.84,106
1126137600,54.85,54.88,54.6,54.66,16
1126224000,54.69,55.13,54.69,55.06,19
1126483200,55.15,55.17,55.05,55.05,14
1126569600,54.89,55.0,54.71,54.74,19
1126656000,54.68,54.84,54.45,54.45,20
1126742400,54.65,54.65,54.42,54.52,12
1126828800,54.8,54.98,54.67,54.97,15
1127088000,54.88,54.88,54.58,54.58,29
1127174400,54.82,54.87,54.19,54.22,21
1127260800,54.01,54.09,53.75,53.75,37
1127347200,53.61,53.94,53.51,53.92,34
1127433600,53.7,54.08,53.7,53.92,91
1127692800,54.1,54.1,53.58,53.83,24
1127779200,53.84,53.96,53.54,53.77,18
1127865600,54.02,54.02,53.73,53.89,14
1127952000,53.89,54.27,53.76,54.27,11
1128038400,54.37,54.37,54.24,54.37,15
1128297600,54.53,54.61,54.25,54.39,20
1128384000,54.48,54.48,53.82,53.82,19
1128470400,53.84,53.84,53.03,53.03,31
1128556800,53.01,53.17,52.33,52.8,73
1128643200,53.1,53.1,52.85,52.94,33
1128902400,53.05,53.05,52.59,52.6,51
1128988800,52.63,52.81,52.5,52.51,16
1129075200,52.64,52.64,51.96,52.12,50
1129161600,52.14,52.15,51.73,52.06,13
1129248000,52.37,52.46,52.14,52.43,15
1129507200,52.71,52.71,52.44,52.62,19
1129593600,52.67,52.67,52.17,52.17,15
1129680000,52.01,52.86,51.86,52.86,34
1129766400,52.73,52.88,52.0,52.12,27
1129852800,52.39,52.53,52.11,52.31,21
1130112000,52.58,53.06,52.5,53.06,24
1130198400,53.12,53.23,52.72,52.9,34
1130284800,52.82,53.33,52.82,52.85,33
1130371200,52.9,52.9,52.29,52.29,24
1130457600,52.58,52.94,52.34,52.94,17
1130716800,52.4,53.65,52.4,53.49,34
1130803200,53.45,53.45,53.3,53.31,20
1130889600,53.52,53.92,53.52,53.92,19
1130976000,54.27,54.38,53.99,54.11,38
1131062400,54.33,54.33,53.94,54.19,26
1131321600,54.39,54.39,54.12,54.3,27
1131408000,54.18,54.25,54.06,54.16,24
1131494400,54.2,54.44,54.09,54.26,14
1131580800,54.19,54.73,54.0,54.62,19
1131667200,54.77,54.89,54.71,54.85,29
1131926400,54.94,54.94,54.73,54.81,41
1132012800,54.87,54.97,54.52,54.59,34
1132099200,54.82,54.82,54.58,54.69,34
1132185600,54.99,55.24,54.84,55.24,32
1132272000,55.56,55.56,55.25,55.51,44
1132531200,55.56,55.85,55.45,55.82,39
1132617600,55.8,56.11,55.65,56.07,34
1132704000,56.11,56.52,56.04,56.32,55
1132876800,56.44,56.44,56.22,56.39,19
1133136000,56.46,56.46,55.92,55.92,45
1133222400,56.25,56.3,55.9,55.9,33
1133308800,56.07,56.07,55.55,55.55,39
1133395200,55.96,56.36,55.96,56.28,32
1133481600,56.33,56.35,56.17,56.32,41
1133740800,56.3,56.3,56.05,56.12,39
1133827200,56.28,56.62,56.2,56.26,41
1133913600,56.36,56.36,55.8,55.99,45
1134000000,56.07,56.11,55.79,55.97,25
1134086400,56.12,56.13,55.91,56.06,21
1134345600,56.31,56.34,55.91,56.2,27
1134432000,56.02,56.56,56.02,56.42,51
1134518400,56.6,56.82,56.47,56.65,39
1134604800,56.82,56.82,56.49,56.55,24
1134691200,56.8,56.8,56.46,56.51,32
1134950400,56.55,56.58,56.06,56.1,40
1135036800,56.23,56.26,56.0,56.11,31
1135123200,56.37,56.53,56.17,56.25,36
1135209600,56.18,56.21,56.04,56.21,26
1135296000,56.32,56.32,56.18,56.28,31
1135641600,56.58,56.58,55.71,55.78,36
1135728000,55.98,55.98,55.77,55.91,41
1135814400,55.8,55.93,55.63,55.63,34
1135900800,55.55,55.55,55.34,55.49,57
1136246400,55.65,56.42,55.27,56.26,86
1136332800,56.37,56.65,56.37,56.56,65
1136419200,56.71,56.71,56.41,56.55,53
1136505600,57.0,57.19,56.7,57.11,51
1136764800,57.21,57.35,57.1,57.35,74
1136851200,57.21,57.37,57.05,57.3,52
1136937600,57.46,57.6,57.33,57.5,36
1137024000,57.58,57.58,57.2,57.21,39
1137110400,57.31,57.31,57.09,57.28,39
1137456000,57.09,57.09,56.86,56.99,52
1137542400,56.86,57.03,56.54,56.8,56
1137628800,56.5,57.3,56.5,57.19,68
1137715200,57.15,57.15,56.14,56.19,85
1137974400,56.26,56.45,56.11,56.26,70
1138060800,56.26,56.6,56.26,56.45,40
1138147200,56.68,56.68,56.05,56.28,83
1138233600,56.7,56.73,56.4,56.65,48
1138320000,56.88,57.19,56.88,57.1,45
1138579200,57.26,57.31,57.07,57.12,48
1138665600,57.15,57.21,56.83,57.06,74
1138752000,57.03,57.11,56.92,57.08,47
1138838400,57.09,57.09,56.46,56.57,71
1138924800,56.42,56.55,56.1,56.32,53
1139184000,56.41,56.43,56.18,56.37,42
1139270400,56.26,56.31,55.83,55.86,60
1139356800,56.05,56.34,55.88,56.26,38
1139443200,56.53,56.68,56.23,56.23,42
1139529600,56.07,56.36,55.78,56.33,37
1139788800,56.3,56.3,55.96,56.12,54
1139875200,56.24,56.73,56.04,56.64,29
1139961600,56.73,56.89,56.53,56.87,41
1140048000,57.08,57.32,56.93,57.32,44
1140134400,57.35,57.35,57.08,57.25,34
1140480000,57.42,57.46,57.01,57.1,49
1140566400,57.12,57.54,57.12,57.51,33
1140652800,57.4,57.56,57.27,57.33,27
1140739200,57.41,57.5,57.28,57.33,28
1140998400,57.59,57.74,57.48,57.57,38
1141084800,57.47,57.47,56.89,57.0,60
1141171200,57.26,57.55,57.15,57.42,46
1141257600,57.41,57.5,57.15,57.5,33
1141344000,57.36,57.74,57.32,57.38,33
1141603200,57.47,57.47,56.86,56.93,41
1141689600,56.88,56.9,56.59,56.82,37
1141776000,56.7,56.98,56.45,56.92,50
1141862400,57.08,57.12,56.67,56.67,39
1141948800,56.75,57.12,56.58,57.0,40
1142208000,57.31,57.31,57.08,57.14,19
1142294400,57.18,57.75,57.18,57.75,39
1142380800,57.8,58.09,57.65,58.05,49
1142467200,58.18,58.33,58.1,58.16,50
1142553600,58.27,58.27,58.07,58.17,35
1142812800,58.06,58.1,57.84,57.88,43
1142899200,57.97,58.1,57.5,57.54,57
1142985600,57.39,57.89,57.39,57.86,57
1143072000,57.85,57.87,57.55,57.73,65
1143158400,57.81,57.96,57.65,57.85,40
1143417600,57.78,57.8,57.68,57.76,34
1143504000,57.81,57.95,57.57,57.57,35
1143590400,57.65,57.9,57.52,57.8,25
1143676800,57.96,58.11,57.63,57.76,26
1143763200,57.97,57.97,57.61,57.76,41
1144022400,57.93,58.13,57.69,57.7,48
1144108800,57.81,58.09,57.64,58.05,58
1144195200,58.22,58.36,58.05,58.3,67
1144281600,58.28,58.36,57.98,58.21,57
1144368000,58.39,58.44,57.61,57.63,64
1144627200,57.8,57.86,57.53,57.69,34
1144713600,57.69,57.88,57.12,57.15,80
1144800000,57.23,57.44,57.21,57.31,37
1144886400,57.29,57.43,57.12,57.36,33
1145232000,57.49,57.49,57.01,57.2,41
1145318400,57.45,58.23,57.43,58.18,66
1145404800,58.12,58.31,57.96,58.27,66
1145491200,58.35,58.61,58.24,58.43,60
1145577600,58.69,58.69,58.17,58.34,51
1145836800,58.3,58.55,58.02,58.33,57
1145923200,58.41,58.41,57.84,57.98,49
1146009600,58.06,58.24,57.98,58.09,48
1146096000,57.74,58.51,57.73,58.32,52
1146182400,57.84,58.56,57.84,58.33,61
1146441600,58.41,58.55,58.08,58.16,58
1146528000,58.4,58.45,58.19,58.45,44
1146614400,58.49,58.49,58.1,58.28,72
1146700800,58.5,58.57,58.35,58.42,44
1146787200,58.9,59.09,58.69,59.07,54
1147046400,59.07,59.11,58.94,59.01,81
1147132800,58.99,59.11,58.91,59.07,80
1147219200,59.04,59.08,58.78,59.03,61
1147305600,58.88,58.88,58.19,58.19,62
1147392000,58.1,58.13,57.54,57.54,60
1147651200,57.47,57.66,57.22,57.63,77
1147737600,57.88,57.88,57.42,57.57,71
1147824000,57.34,57.39,56.56,56.62,120
1147910400,56.82,56.84,56.21,56.21,92
1147996800,56.41,56.64,55.94,56.48,107
1148256000,56.35,56.46,55.71,56.19,118
1148342400,56.7,56.72,55.98,56.03,82
1148428800,55.66,56.23,55.43,56.04,58
1148515200,56.22,56.71,56.18,56.71,87
1148601600,56.87,57.04,56.7,57.04,45
1148947200,56.93,56.93,56.15,56.17,41
1149033600,56.42,56.62,56.26,56.62,48
1149120000,56.69,57.33,56.69,57.33,36
1149206400,57.46,57.51,57.18,57.44,39
1149465600,57.36,57.36,56.44,56.44,45
1149552000,56.62,56.62,55.87,56.3,93
1149638400,56.44,56.64,56.0,56.0,64
1149724800,55.81,56.13,55.0,56.06,155
1149811200,56.12,56.29,55.68,55.82,55
1150070400,55.93,55.93,55.07,55.14,91
1150156800,55.04,55.31,54.37,54.48,86
1150243200,54.71,54.84,54.26,54.75,68
1150329600,55.11,56.07,55.11,55.89,96
1150416000,55.89,55.92,55.54,55.8,49
1150675200,56.01,56.01,55.2,55.3,44
1150761600,55.36,55.64,55.15,55.21,48
1150848000,55.44,56.05,55.44,55.82,62
1150934400,55.75,55.75,55.37,55.51,26
1151020800,55.47,55.89,55.47,55.56,41
1151280000,55.36,55.56,55.23,55.52,41
1151366400,55.69,55.69,55.08,55.11,56
1151452800,55.29,55.38,55.03,55.34,55
1151539200,55.75,56.58,55.69,56.58,45
1151625600,56.75,56.76,56.45,56.62,75
1151884800,56.65,56.98,56.65,56.92,28
1152057600,56.51,56.63,56.29,56.51,72
1152144000,56.63,56.84,56.5,56.5,46
1152230400,56.55,56.75,56.17,56.27,42
1152489600,56.5,56.66,56.24,56.36,50
1152576000,56.17,56.58,56.03,56.54,30
1152662400,56.66,56.66,55.94,56.01,99
1152748800,55.65,55.76,55.17,55.26,81
1152835200,55.28,55.28,54.59,55.05,95
1153094400,55.04,55.13,54.76,54.87,93
1153180800,55.0,55.1,54.39,54.97,99
1153267200,55.35,56.03,55.35,55.96,91
1153353600,56.11,56.11,55.48,55.48,88
1153440000,55.49,55.49,54.96,55.06,48
1153699200,55.44,56.0,55.44,55.98,69
1153785600,55.99,56.43,55.86,56.42,59
1153872000,56.28,56.57,56.02,56.4,48
1153958400,56.71,56.71,56.04,56.13,29
1154044800,56.45,56.87,56.32,56.87,56
1154304000,56.54,56.81,56.54,56.75,40
1154390400,56.59,56.59,56.25,56.46,39
1154476800,56.8,57.01,56.66,56.81,44
1154563200,56.41,57.06,56.41,56.88,33
1154649600,57.32,57.45,56.62,56.87,104
1154908800,56.63,56.79,56.61,56.72,54
1154995200,56.91,57.0,56.4,56.52,43
1155081600,57.01,57.01,56.22,56.25,60
1155168000,56.3,56.52,56.06,56.48,46
1155254400,56.46,56.46,56.08,56.23,31
1155513600,56.67,56.79,56.29,56.33,41
1155600000,56.95,57.17,56.85,57.11,42
1155686400,57.39,57.61,57.26,57.6,65
1155772800,57.56,57.86,57.54,57.71,49
1155859200,57.78,57.92,57.57,57.86,47
1156118400,57.81,57.81,57.61,57.72,50
1156204800,57.62,57.9,57.58,57.76,61
1156291200,57.79,57.86,57.33,57.46,46
1156377600,57.68,57.68,57.41,57.6,56
1156464000,57.54,57.73,57.47,57.6,49
1156723200,57.6,57.97,57.55,57.87,49
1156809600,57.9,58.04,57.63,58.04,62
1156896000,58.16,58.16,57.89,58.06,41
1156982400,58.01,58.14,57.96,57.99,61
1157068800,58.29,58.4,58.13,58.36,49
1157414400,58.41,58.53,58.25,58.5,57
1157500800,58.38,58.38,57.85,57.85,86
1157587200,57.6,57.92,57.55,57.62,59
1157673600,57.79,57.84,57.65,57.81,36
1157932800,57.81,57.96,57.48,57.81,35
1158019200,57.93,58.49,57.9,58.44,54
1158105600,58.49,58.75,58.45,58.74,44
1158192000,58.7,58.7,58.49,58.63,43
1158278400,58.74,58.95,58.74,58.79,46
1158537600,58.77,58.97,58.69,58.81,55
1158624000,58.88,58.88,58.42,58.69,48
1158710400,58.99,59.1,58.86,59.0,68
1158796800,59.12,59.12,58.56,58.68,60
1158883200,58.49,58.55,58.32,58.47,58
1159142400,58.48,58.89,58.21,58.81,35
1159228800,58.8,59.23,58.77,59.23,52
1159315200,59.29,59.41,59.15,59.3,74
1159401600,59.42,59.45,59.16,59.4,52
1159488000,59.43,59.43,59.25,59.25,54
1159747200,59.33,59.35,58.99,59.05,59
1159833600,59.02,59.32,58.8,59.13,59
1159920000,59.05,59.85,59.0,59.84,63
1160006400,59.92,60.07,59.79,60.05,57
1160092800,59.9,59.92,59.68,59.88,81
1160352000,59.88,60.03,59.75,59.95,49
1160438400,59.88,60.09,59.88,60.06,45
1160524800,59.85,60.1,59.68,59.94,66
1160611200,60.17,60.54,60.13,60.48,69
1160697600,60.49,60.7,60.37,60.64,76
1160956800,60.7,60.85,60.61,60.83,91
1161043200,60.63,60.66,60.22,60.59,86
1161129600,60.92,60.92,60.47,60.64,69
1161216000,60.6,60.77,60.52,60.68,65
1161302400,60.85,60.85,60.56,60.73,61
1161561600,60.61,61.12,60.59,61.1,70
1161648000,61.02,61.12,60.91,61.12,58
1161734400,61.18,61.39,61.09,61.34,87
1161820800,61.6,61.71,61.25,61.69,85
1161907200,61.38,61.6,61.12,61.17,76
1162166400,61.17,61.34,61.0,61.18,44
1162252800,61.42,61.42,60.94,61.17,60
1162339200,61.43,61.43,60.7,60.73,71
1162425600,60.73,60.73,60.5,60.71,47
1162512000,60.97,60.97,60.49,60.66,53
1162771200,60.93,61.38,60.82,61.33,79
1162857600,61.33,61.68,61.33,61.47,119
1162944000,61.3,61.76,61.16,61.64,79
1163030400,61.76,61.76,61.3,61.33,67
1163116800,61.48,61.48,61.21,61.42,45
1163376000,61.46,61.72,61.46,61.62,70
1163462400,61.83,62.05,61.37,62.03,75
1163548800,62.05,62.4,62.05,62.18,86
1163635200,62.38,62.48,62.28,62.34,102
1163721600,62.23,62.38,62.04,62.38,79
1163980800,62.4,62.54,62.24,62.36,97
1164067200,62.6,62.6,62.34,62.51,131
1164153600,62.64,62.75,62.48,62.67,121
1164326400,62.46,62.62,62.31,62.5,67
1164585600,62.43,62.43,61.58,61.62,164
1164672000,61.53,61.86,61.5,61.82,49
1164758400,62.14,62.46,62.08,62.38,99
1164844800,62.57,62.73,62.2,62.52,63
1164931200,62.62,62.62,61.87,62.29,141
1165190400,62.46,62.96,62.46,62.85,114
1165276800,63.1,63.14,62.91,63.14,94
1165363200,63.17,63.23,62.91,63.1,83
1165449600,63.31,63.31,62.84,62.88,61
1165536000,62.87,63.11,62.72,62.89,55
1165795200,62.8,63.18,62.8,63.03,71
1165881600,63.05,63.09,62.73,62.99,70
1165968000,63.39,63.39,63.0,63.12,64
1166054400,63.23,63.7,63.2,63.62,112
1166140800,63.75,63.85,63.62,63.67,72
1166400000,63.76,63.85,63.33,63.44,87
1166486400,63.25,63.61,63.24,63.59,57
1166572800,63.67,63.72,63.5,63.51,80
1166659200,63.45,63.63,63.16,63.27,97
1166745600,62.81,62.85,62.56,62.63,83
1167091200,62.67,62.93,62.67,62.93,96
1167177600,63.13,63.34,63.1,63.34,77
1167264000,63.31,63.32,63.11,63.26,99
1167350400,63.19,63.33,62.89,62.93,89
1167782400,63.06,63.46,62.5,62.8,207
1167868800,62.88,63.08,62.53,63.01,113
1167955200,62.85,62.85,62.44,62.63,139
1168214400,62.6,62.86,62.4,62.72,112
1168300800,62.93,62.93,62.43,62.8,131
1168387200,62.41,62.94,62.41,62.89,99
1168473600,63.1,63.5,63.1,63.35,140
1168560000,63.43,63.68,63.34,63.66,126
1168905600,63.82,63.82,63.53,63.72,140
1168992000,63.71,63.87,63.59,63.65,133
1169078400,63.79,63.79,63.33,63.38,134
1169164800,63.49,63.67,63.42,63.65,97
1169424000,63.78,63.78,63.2,63.34,134
1169510400,63.46,63.7,63.32,63.52,133
1169596800,63.76,64.09,63.66,64.09,98
1169683200,64.05,64.05,63.35,63.43,128
1169769600,63.46,63.46,63.04,63.32,162
1170028800,63.37,63.55,63.2,63.32,152
1170115200,63.43,63.65,63.36,63.63,86
1170201600,63.61,64.22,63.5,64.09,138
1170288000,64.32,64.48,64.15,64.44,147
1170374400,64.5,64.6,64.39,64.58,128
1170633600,64.54,64.61,64.36,64.49,102
1170720000,64.64,64.67,64.34,64.59,123
1170806400,64.7,64.84,64.57,64.71,114
1170892800,64.61,64.72,64.37,64.66,145
1170979200,64.82,64.82,64.0,64.25,118
1171238400,64.21,64.21,63.82,63.95,118
1171324800,64.13,64.43,64.13,64.43,133
1171411200,64.64,65.06,64.58,64.95,115
1171497600,65.0,65.07,64.89,65.05,130
1171584000,64.95,65.01,64.83,65.01,140
1171929600,64.95,65.22,64.72,65.19,121
1172016000,65.05,65.15,64.9,65.12,110
1172102400,65.22,65.3,64.79,65.07,166
1172188800,65.06,65.06,64.74,64.88,118
1172448000,65.12,65.12,64.12,64.8,435
1172534400,63.89,64.25,62.08,62.64,340
1172620800,62.75,63.35,62.6,62.96,296
1172707200,61.64,63.06,61.47,62.78,201
1172793600,62.55,62.72,62.0,62.03,191
1173052800,61.6,62.2,61.43,61.43,135
1173139200,62.02,62.46,61.75,62.35,136
1173225600,62.36,62.6,62.19,62.25,123
1173312000,62.79,62.94,62.56,62.64,124
1173398400,63.08,63.08,62.5,62.71,148
1173657600,62.68,62.97,62.58,62.89,66
1173744000,62.7,62.75,61.68,61.69,113
1173830400,61.66,62.17,61.0,62.17,114
1173916800,62.33,62.39,62.03,62.23,31
1174003200,62.42,62.42,61.93,62.06,115
1174262400,62.44,62.78,62.44,62.71,63
1174348800,62.79,63.15,62.78,63.12,103
1174435200,63.16,64.3,63.12,64.19,108
1174521600,64.1,64.31,64.0,64.22,106
1174608000,64.22,64.38,64.15,64.29,111
1174867200,64.2,64.2,63.47,64.01,177
1174953600,63.82,63.85,63.56,63.7,126
1175040000,63.45,63.53,63.13,63.21,125
1175126400,63.58,63.58,63.03,63.46,166
1175212800,63.5,63.66,62.92,63.3,115
1175472000,63.39,63.58,63.17,63.54,107
1175558400,63.9,64.28,63.84,64.14,181
1175644800,64.11,64.24,64.05,64.21,92
1175731200,64.17,64.51,64.14,64.44,84
1176076800,64.55,64.64,64.42,64.47,77
1176163200,64.58,64.7,64.48,64.66,86
1176249600,64.63,64.63,64.15,64.2,104
1176336000,64.17,64.65,64.1,64.64,90
1176422400,64.65,64.86,64.45,64.84,72
1176681600,65.31,65.52,65.24,65.52,119
1176768000,65.65,65.77,65.49,65.63,88
1176854400,65.56,65.85,65.47,65.7,81
1176940800,65.3,65.74,65.3,65.58,76
1177027200,66.23,66.23,65.89,66.16,109
1177286400,66.2,66.35,66.0,66.01,143
1177372800,66.2,66.2,65.7,66.03,89
1177459200,66.4,66.72,66.15,66.64,108
1177545600,66.78,66.81,66.5,66.68,149
1177632000,66.4,66.75,66.4,66.63,87
1177891200,66.68,66.76,66.1,66.1,107
1177977600,66.26,66.28,65.8,66.18,105
1178064000,66.48,66.85,66.47,66.67,108
1178150400,66.87,67.05,66.78,67.02,82
1178236800,67.2,67.34,66.98,67.1,84
1178496000,67.35,67.39,67.27,67.32,115
1178582400,67.03,67.28,66.92,67.26,102
1178668800,67.17,67.54,67.05,67.51,83
1178755200,67.27,67.31,66.52,66.52,149
1178841600,66.87,67.23,66.72,67.23,106
1179100800,67.48,67.48,66.9,67.03,80
1179187200,67.22,67.58,66.93,66.99,97
1179273600,67.3,67.56,67.09,67.53,97
1179360000,67.5,67.7,67.35,67.48,112
1179446400,67.8,67.97,67.67,67.9,112
1179705600,68.02,68.3,67.95,68.05,84
1179792000,68.2,68.3,67.95,68.06,99
1179878400,68.37,68.44,67.93,68.0,114
1179964800,67.9,68.3,67.16,67.33,154
1180051200,67.6,67.74,67.4,67.71,95
1180396800,67.77,68.0,67.56,67.8,123
1180483200,67.4,68.4,67.4,68.4,80
1180569600,68.65,68.65,68.38,68.46,89
1180656000,68.75,68.92,68.55,68.7,97
1180915200,68.62,68.91,68.59,68.86,96
1181001600,68.72,68.72,68.21,68.51,82
1181088000,68.2,68.2,67.74,67.9,104
1181174400,67.74,67.8,66.66,66.66,223
1181260800,66.77,67.43,66.5,67.38,148
1181520000,67.2,67.76,67.2,67.45,99
1181606400,67.24,67.49,66.8,66.85,125
1181692800,67.14,67.8,66.99,67.78,141
1181779200,67.9,68.21,67.86,68.11,106
1181865600,68.78,68.81,68.53,68.58,112
1182124800,68.72,68.72,68.38,68.45,129
1182211200,68.42,68.69,68.21,68.59,156
1182297600,68.8,68.8,67.67,67.67,118
1182384000,67.8,68.11,67.32,68.1,350
1182470400,67.86,67.96,67.21,67.36,378
1182729600,67.15,67.45,66.57,66.69,150
1182816000,67.0,67.09,66.46,66.54,172
1182902400,66.0,67.15,66.0,67.15,463
1182988800,67.12,67.55,67.09,67.15,289
1183075200,67.35,67.64,66.6,66.97,101
1183334400,67.3,67.74,67.3,67.74,102
1183420800,67.75,68.08,67.75,68.08,192
1183593600,68.1,68.12,67.74,68.09,109
1183680000,68.1,68.42,67.87,68.35,126
1183939200,68.47,68.48,68.2,68.41,98
1184025600,67.94,68.13,67.46,67.46,148
1184112000,67.45,67.84,67.3,67.84,100
1184198400,68.12,69.05,68.12,69.05,240
1184284800,69.01,69.4,68.92,69.32,174
1184544000,69.23,69.45,69.05,69.15,176
1184630400,69.3,69.42,69.1,69.21,140
1184716800,68.83,69.08,68.5,69.05,239
1184803200,69.41,69.99,69.2,69.36,70
1184889600,69.2,69.2,68.3,68.53,225
1185148800,68.95,69.07,68.75,68.79,246
1185235200,68.42,68.52,67.38,67.53,298
1185321600,68.0,68.04,67.14,67.73,396
1185408000,66.9,67.14,65.42,66.39,723
1185494400,65.75,66.44,65.12,65.15,366
1185753600,65.25,66.0,64.91,65.79,323
1185840000,66.38,66.43,65.0,65.0,252
1185926400,65.18,65.52,64.29,65.44,442
1186012800,65.69,65.9,65.26,65.69,225
1186099200,65.77,65.77,64.03,64.03,439
1186358400,64.5,65.48,63.73,65.46,368
1186444800,65.04,66.44,65.01,65.95,278
1186531200,66.5,67.17,66.03,66.74,250
1186617600,65.8,66.41,65.01,65.05,304
1186704000,64.24,65.26,63.79,64.95,350
1186963200,65.6,65.6,64.87,64.91,190
1187049600,64.99,65.01,63.72,63.72,258
1187136000,63.47,64.39,62.75,62.87,467
1187222400,62.4,63.25,61.21,63.2,1139
1187308800,64.59,65.07,63.5,64.49,237
1187568000,64.63,64.84,63.93,64.6,228
1187654400,64.65,65.05,64.37,64.73,173
1187740800,65.3,65.49,64.92,65.47,167
1187827200,65.95,65.95,65.06,65.43,191
1187913600,65.41,66.14,65.32,66.14,187
1188172800,65.9,65.99,65.56,65.66,156
1188259200,65.2,65.2,64.07,64.16,197
1188345600,64.62,65.5,64.3,65.5,104
1188432000,64.83,65.72,64.83,65.33,93
1188518400,66.04,66.33,65.59,65.96,198
1188864000,65.95,67.0,65.95,66.7,148
1188950400,66.3,66.3,65.75,65.97,280
1189036800,66.2,66.43,65.85,66.31,292
1189123200,65.45,65.64,64.99,65.23,263
1189382400,65.58,65.58,64.54,65.09,258
1189468800,65.38,66.0,65.38,65.96,148
1189555200,66.0,66.32,65.8,66.01,183
1189641600,66.3,66.73,66.3,66.5,86
1189728000,66.15,66.62,66.11,66.55,91
1189987200,66.39,66.43,66.0,66.22,124
1190073600,66.48,68.1,66.43,68.09,184
1190160000,68.58,68.92,68.21,68.49,223
1190246400,68.33,68.51,67.96,68.09,202
1190332800,68.55,68.62,68.37,68.4,120
1190592000,68.1,68.28,67.67,67.77,228
1190678400,67.6,67.75,67.28,67.69,311
1190764800,68.02,68.28,67.87,68.11,190
1190851200,68.38,68.46,68.18,68.44,296
1190937600,68.37,68.5,68.03,68.21,146
1191196800,68.41,69.19,68.41,69.14,254
1191283200,69.17,69.17,68.85,69.11,164
1191369600,68.91,69.11,68.65,68.84,141
1191456000,68.85,69.02,68.75,68.97,151
1191542400,69.38,69.85,69.25,69.63,171
1191801600,69.53,69.57,69.31,69.45,92
1191888000,69.71,69.99,69.45,69.96,167
1191974400,69.92,70.05,69.61,69.93,228
1192060800,70.44,70.54,69.23,69.59,296
1192147200,69.62,69.96,69.59,69.88,161
1192406400,69.89,69.99,69.0,69.35,199
1192492800,69.24,69.24,68.76,68.93,171
1192579200,69.45,69.45,68.34,68.96,187
1192665600,68.8,69.06,68.61,68.93,113
1192752000,68.7,68.7,67.14,67.22,427
1193011200,66.65,67.57,66.53,67.47,287
1193097600,67.9,68.03,67.42,68.03,187
1193184000,67.85,67.95,66.75,67.95,453
1193270400,67.89,68.23,67.2,67.85,479
1193356800,68.7,68.76,68.14,68.68,148
1193616000,68.98,69.15,68.87,69.08,135
1193702400,68.75,68.9,68.54,68.58,186
1193788800,68.87,69.6,68.48,69.33,214
1193875200,68.32,68.64,67.62,67.73,288
1193961600,67.39,67.88,66.97,67.78,212
1194220800,67.19,67.69,66.83,67.38,250
1194307200,67.65,68.18,67.26,68.18,270
1194393600,67.56,67.75,66.25,66.29,344
1194480000,66.58,66.66,65.1,66.21,514
1194566400,65.63,66.16,65.03,65.37,256
1194825600,65.11,65.77,64.57,64.61,211
1194912000,65.23,66.45,65.17,66.42,163
1194998400,66.8,66.95,65.88,66.03,169
1195084800,65.77,66.05,64.83,65.17,137
1195171200,65.7,65.7,64.91,65.51,151
1195430400,65.3,65.3,64.25,64.42,220
1195516800,64.66,65.24,63.8,64.63,259
1195603200,64.16,64.5,63.54,63.7,317
1195776000,64.32,64.75,64.05,64.65,76
1196035200,64.67,64.96,63.27,63.27,218
1196121600,63.63,64.3,63.33,64.18,260
1196208000,64.86,66.16,64.86,66.08,227
1196294400,65.68,66.37,65.57,66.37,169
1196380800,66.96,67.05,66.2,66.5,171
1196640000,66.5,66.63,66.15,66.27,175
1196726400,65.87,66.14,65.6,65.78,321
1196812800,66.5,66.84,66.38,66.83,112
1196899200,66.74,67.82,66.74,67.78,191
1196985600,67.85,67.98,67.64,67.74,227
1197244800,67.98,68.36,67.79,68.33,302
1197331200,68.23,68.66,66.43,66.56,390
1197417600,67.95,68.11,66.12,66.83,257
1197504000,66.75,67.1,66.12,67.02,180
1197590400,66.49,66.94,66.04,66.12,153
1197849600,65.79,66.02,65.05,65.08,327
1197936000,65.6,65.67,64.55,65.44,271
1198022400,65.5,65.86,65.08,65.4,251
1198108800,65.61,65.61,64.85,65.47,205
1198195200,66.06,66.58,65.98,66.55,233
1198454400,66.73,67.08,66.67,67.04,148
1198627200,67.0,67.12,66.67,67.05,161
1198713600,66.97,66.97,66.13,66.18,186
1198800000,66.74,66.74,65.97,66.19,192
1199059200,66.02,66.18,65.71,65.77,253
1199232000,65.93,66.02,64.68,64.96,292
1199318400,65.19,65.76,64.74,64.88,409
1199404800,64.38,64.41,63.28,63.32,637
1199664000,63.61,63.8,62.86,63.45,562
1199750400,63.7,64.1,62.18,62.24,845
1199836800,62.38,63.07,61.69,63.07,862
1199923200,62.53,63.98,62.49,63.57,611
1200009600,63.09,63.44,62.47,62.79,532
1200268800,63.28,63.46,62.98,63.4,296
1200355200,62.67,62.78,61.83,61.83,454
1200441600,61.54,62.34,61.05,61.5,802
1200528000,61.64,61.69,59.63,59.76,606
1200614400,60.11,60.49,58.83,59.38,985
1200960000,56.53,59.24,56.36,58.74,1013
1201046400,57.38,60.02,56.92,60.02,632
1201132800,60.34,60.76,59.87,60.61,840
1201219200,61.22,61.49,59.58,59.65,867
1201478400,59.98,60.72,59.36,60.66,347
1201564800,61.09,61.24,60.65,61.13,524
1201651200,60.84,62.16,60.71,60.76,670
1201737600,59.8,62.19,59.8,61.75,418
1201824000,62.1,62.9,61.76,62.59,580
1202083200,62.5,62.53,61.97,61.97,305
1202169600,61.17,61.21,60.07,60.07,445
1202256000,60.41,60.76,59.55,59.63,417
1202342400,59.37,60.44,59.21,60.11,403
1202428800,59.87,60.28,59.47,59.82,487
1202688000,59.93,60.31,59.43,60.27,790
1202774400,60.64,61.27,60.24,60.66,444
1202860800,61.17,61.6,60.79,61.48,195
1202947200,61.7,61.7,60.63,60.66,1058
1203033600,60.45,60.73,60.16,60.73,551
1203379200,61.45,61.53,60.53,60.69,431
1203465600,60.35,61.36,60.16,61.11,656
1203552000,61.47,61.54,60.3,60.39,635
1203638400,60.72,60.97,59.73,60.97,800
1203897600,61.0,61.89,60.65,61.77,625
1203984000,61.68,62.48,61.39,62.21,758
1204070400,61.75,62.51,61.75,62.15,479
1204156800,61.62,62.0,61.4,61.61,858
1204243200,61.02,61.04,59.73,59.97,1026
1204502400,59.89,60.15,59.47,60.03,1318
1204588800,59.53,59.97,58.91,59.76,1072
1204675200,60.06,60.58,59.52,60.06,1567
1204761600,60.01,60.01,58.75,58.85,1017
1204848000,58.45,59.2,57.8,58.33,1400
1205107200,58.13,58.28,57.34,57.41,744
1205193600,58.4,59.5,57.89,59.5,649
1205280000,59.41,60.0,58.94,58.97,401
1205366400,57.96,59.55,57.75,59.2,949
1205452800,58.36,58.62,57.5,58.21,874
1205712000,57.62,57.96,56.64,57.54,746
1205798400,58.7,59.81,58.38,59.79,942
1205884800,59.8,60.14,58.47,58.48,559
1205971200,58.79,60.17,58.75,60.17,293
1206316800,60.73,61.1,60.63,60.72,434
1206403200,60.25,60.86,60.15,60.57,703
1206489600,60.19,60.45,59.95,59.99,367
1206576000,59.77,60.37,59.5,59.57,322
1206662400,59.75,59.77,58.92,58.99,322
1206921600,59.01,59.59,58.93,59.32,251
1207008000,60.03,61.4,60.03,61.4,620
1207094400,61.53,61.81,61.16,61.38,486
1207180800,61.11,61.73,60.94,61.47,347
1207267200,61.56,62.0,61.2,61.57,485
1207526400,62.04,62.28,61.47,61.66,437
1207612800,61.25,61.57,61.15,61.39,429
1207699200,61.49,61.53,60.68,60.87,359
1207785600,60.89,61.47,60.32,61.2,444
1207872000,60.51,60.74,59.88,59.99,295
1208131200,59.96,60.07,59.66,59.79,326
1208217600,60.08,60.15,59.57,60.04,348
1208304000,60.6,61.4,60.54,61.37,308
1208390400,61.26,61.54,61.05,61.42,477
1208476800,62.5,62.76,62.19,62.51,364
1208736000,62.11,62.53,62.02,62.45,476
1208822400,62.21,62.26,61.6,61.89,619
1208908800,62.13,62.38,61.72,62.08,402
1208995200,62.16,62.83,61.63,62.46,726
1209081600,62.73,62.94,62.05,62.85,898
1209340800,62.98,63.06,62.7,62.78,289
1209427200,62.71,62.8,62.33,62.57,451
1209513600,62.67,63.2,62.25,62.31,584
1209600000,62.29,63.4,62.22,63.33,452
1209686400,64.01,64.01,63.19,63.5,887
1209945600,63.37,63.64,63.15,63.33,312
1210032000,63.0,63.9,62.89,63.77,336
1210118400,63.86,63.9,62.6,62.7,543
1210204800,62.92,63.16,62.67,62.97,310
1210291200,62.44,62.79,62.41,62.58,344
1210550400,62.74,63.28,62.47,63.28,230
1210636800,63.4,63.42,62.98,63.25,298
1210723200,63.6,64.05,63.48,63.53,262
1210809600,63.57,64.24,63.46,64.15,370
1210896000,64.23,64.37,63.83,64.3,305
1211155200,64.43,65.0,64.17,64.39,315
1211241600,64.1,64.1,63.6,63.84,438
1211328000,63.99,64.06,62.73,62.82,503
1211414400,62.93,63.2,62.8,62.96,475
1211500800,62.74,62.75,62.07,62.18,502
1211846400,62.26,62.68,62.07,62.57,353
1211932800,62.79,62.92,62.35,62.87,305
1212019200,62.84,63.59,62.84,63.3,206
1212105600,63.42,63.55,63.3,63.39,323
1212364800,63.2,63.22,62.44,62.81,470
1212451200,63.06,63.13,62.08,62.43,660
1212537600,62.36,62.93,62.23,62.41,517
1212624000,62.7,63.69,62.56,63.69,369
1212710400,63.13,63.25,61.84,61.84,514
1212969600,62.07,62.23,61.37,61.85,496
1213056000,61.41,62.02,61.4,61.67,345
1213142400,61.58,61.59,60.65,60.69,434
1213228800,61.02,61.38,60.48,60.84,554
1213315200,61.18,61.75,60.95,61.72,285
1213574400,61.45,61.97,61.37,61.74,345
1213660800,62.03,62.09,61.41,61.41,287
1213747200,61.04,61.2,60.68,60.9,445
1213833600,60.88,61.31,60.55,61.14,1558
1213920000,60.66,60.74,59.81,59.98,517
1214179200,60.16,60.22,59.85,59.99,533
1214265600,59.6,60.02,59.07,59.53,563
1214352000,59.85,60.42,59.68,59.89,579
1214438400,59.3,59.3,58.15,58.23,930
1214524800,58.17,58.4,57.64,57.98,839
1214784000,57.99,58.45,57.84,57.92,639
1214870400,57.45,58.22,57.13,58.22,1036
1214956800,58.47,58.53,57.14,57.14,743
1215043200,57.49,57.49,56.62,57.32,651
1215388800,57.32,57.57,56.03,56.55,1202
1215475200,56.53,57.6,56.1,57.54,1852
1215561600,57.6,57.8,56.3,56.3,1006
1215648000,56.39,56.87,55.96,56.74,1921
1215734400,55.83,56.91,55.45,56.19,2097
1215993600,56.83,56.85,55.51,55.67,1434
1216080000,55.15,55.92,54.37,55.05,1990
1216166400,55.03,56.37,54.84,56.37,1474
1216252800,56.71,57.09,56.18,56.94,1242
1216339200,57.14,57.14,56.63,57.04,1425
1216598400,57.3,57.34,56.86,57.02,653
1216684800,56.66,57.84,56.55,57.81,1163
1216771200,57.88,58.42,57.77,58.0,971
1216857600,58.14,58.46,56.6,56.67,1295
1216944000,57.0,57.11,56.59,56.9,1010
1217203200,56.76,56.96,55.9,55.92,895
1217289600,56.16,57.11,56.02,57.09,1116
1217376000,57.4,58.12,57.25,58.06,999
1217462400,57.72,58.14,57.27,57.33,1050
1217548800,57.47,57.58,56.78,57.08,1327
1217808000,57.0,57.0,56.36,56.45,1227
1217894400,57.07,57.94,56.84,57.94,1281
1217980800,57.8,58.41,57.65,58.33,1131
1218067200,57.94,58.05,57.21,57.34,1326
1218153600,57.16,58.66,57.13,58.55,1093
1218412800,58.37,59.35,58.34,58.99,1307
1218499200,58.9,58.9,58.15,58.37,941
1218585600,58.21,58.58,57.73,58.28,907
1218672000,57.79,58.85,57.79,58.6,987
1218758400,58.78,58.98,58.45,58.76,985
1219017600,58.82,58.86,57.73,57.96,1155
1219104000,57.57,57.66,57.22,57.41,1138
1219190400,57.51,57.81,57.15,57.76,822
1219276800,57.23,58.05,57.23,57.87,525
1219363200,58.2,58.57,58.13,58.5,492
1219622400,58.21,58.21,57.35,57.41,448
1219708800,57.47,57.78,57.21,57.59,614
1219795200,57.63,58.23,57.58,58.06,344
1219881600,58.4,58.91,58.37,58.91,698
1219968000,58.69,58.8,58.15,58.17,753
1220313600,58.82,59.03,57.64,57.87,1341
1220400000,57.78,57.97,57.27,57.73,1361
1220486400,57.23,57.34,55.99,56.0,893
1220572800,55.61,56.35,55.08,56.24,1481
1220832000,57.72,57.84,56.41,57.3,1111
1220918400,57.28,57.32,55.37,55.4,1327
1221004800,55.67,56.2,55.2,55.62,1208
1221091200,55.03,56.49,54.78,56.48,2052
1221177600,56.0,56.77,55.84,56.67,1477
1221436800,54.89,55.95,54.2,54.2,2594
1221523200,52.77,55.01,52.51,54.96,5872
1221609600,53.96,54.31,52.4,52.41,3635
1221696000,53.25,54.85,51.34,54.39,4306
1221782400,60.0,65.0,55.96,56.68,1666
1222041600,56.13,56.55,54.63,54.72,1119
1222128000,54.71,55.35,53.77,53.9,2372
1222214400,54.0,54.56,53.3,53.59,1699
1222300800,53.8,55.13,53.24,54.7,1852
1222387200,53.68,54.78,53.38,54.78,819
1222646400,53.87,54.03,49.71,50.81,2714
1222732800,51.26,52.5,50.81,52.42,1618
1222819200,51.97,52.5,51.36,52.23,928
1222905600,51.79,51.79,49.92,49.97,1396
1222992000,50.82,51.82,49.27,49.3,2109
1223251200,47.71,48.23,45.12,47.65,4039
1223337600,47.84,48.16,44.66,44.66,3585
1223424000,43.62,45.72,43.33,44.21,3124
1223510400,44.81,45.16,40.81,41.25,3536
1223596800,39.0,42.05,37.48,40.67,4676
1223856000,42.41,45.33,42.0,45.33,3175
1223942400,46.99,48.75,43.6,44.73,10334
1224028800,43.72,43.94,40.52,40.55,2080
1224115200,40.89,42.43,38.79,42.35,2549
1224201600,41.46,44.19,41.19,42.19,1948
1224460800,42.88,44.28,42.44,44.25,2323
1224547200,43.6,44.26,42.81,42.92,1988
1224633600,42.03,42.12,39.33,40.57,3022
1224720000,40.69,41.4,38.49,40.76,3635
1224806400,38.1,40.21,37.95,39.34,3346
1225065600,38.98,40.0,37.94,37.99,2404
1225152000,38.69,41.98,37.85,41.97,1926
1225238400,42.2,43.48,41.37,41.41,2663
1225324800,42.5,43.06,41.7,42.92,1617
1225411200,42.89,44.17,42.64,43.59,1416
1225670400,43.5,43.91,43.07,43.43,5555
1225756800,44.53,45.27,44.09,45.08,1781
1225843200,44.62,44.93,42.66,42.83,1613
1225929600,42.35,42.81,40.5,40.73,1789
1226016000,41.17,41.86,40.79,41.83,1805
1226275200,42.73,42.77,40.74,41.34,1895
1226361600,40.55,41.15,39.73,40.38,1893
1226448000,39.5,39.84,38.2,38.31,1886
1226534400,38.63,41.07,36.8,41.07,2914
1226620800,40.12,41.19,39.1,39.15,2299
1226880000,38.66,39.64,38.22,38.28,1513
1226966400,38.28,38.91,37.18,38.5,1509
1227052800,38.52,38.82,36.19,36.3,1705
1227139200,35.84,36.79,33.54,33.83,3351
1227225600,34.61,35.9,33.16,35.88,4984
1227484800,36.6,38.82,36.23,37.98,2796
1227571200,38.99,39.03,37.47,38.51,2111
1227657600,37.7,39.88,37.67,39.81,1923
1227830400,39.58,40.27,39.58,40.27,1040
1228089600,39.14,39.15,36.64,36.73,2889
1228176000,37.38,38.24,36.79,38.23,3508
1228262400,37.31,39.27,37.2,39.16,2032
1228348800,38.52,39.38,37.4,38.06,2479
1228435200,37.35,39.52,36.75,39.4,2784
1228694400,40.38,41.29,40.2,40.83,2712
1228780800,40.43,41.25,39.8,40.02,3291
1228867200,40.48,40.9,39.87,40.5,2616
1228953600,40.2,40.76,39.15,39.42,2758
1229040000,38.39,39.84,38.2,39.64,1936
1229299200,39.98,39.98,38.69,39.26,2588
1229385600,39.66,41.24,39.6,41.18,2741
1229472000,40.79,41.49,40.42,40.86,2557
1229558400,41.08,41.12,39.68,40.16,1508
1229644800,40.37,40.88,39.91,40.01,2856
1229904000,39.92,39.95,38.49,39.1,2686
1229990400,39.35,39.56,38.61,38.77,2921
1230076800,38.86,39.09,38.69,38.97,1563
1230249600,39.2,39.28,38.91,39.22,921
1230508800,39.28,39.28,38.53,39.08,3002
1230595200,39.39,40.04,39.2,40.03,2709
1230681600,40.05,40.94,39.97,40.63,2204
1230854400,40.73,42.04,40.45,41.84,1457
1231113600,41.67,42.17,41.37,41.75,2062
1231200000,42.18,42.55,41.78,42.08,3147
1231286400,41.53,41.62,40.65,40.92,1890
1231372800,40.65,41.06,40.43,41.06,1462
1231459200,41.17,41.18,40.11,40.17,3879
1231718400,40.08,40.09,38.99,39.25,1779
1231804800,39.14,39.59,38.91,39.33,2561
1231891200,38.64,38.71,37.76,38.05,2373
1231977600,37.87,38.49,36.88,38.16,3674
1232064000,38.78,38.81,37.5,38.41,2701
1232409600,38.05,38.11,36.35,36.44,3488
1232496000,37.0,38.04,36.35,37.93,4185
1232582400,37.25,37.92,36.65,37.36,4284
1232668800,36.53,37.89,36.37,37.62,3529
1232928000,37.81,38.52,37.37,37.75,3199
1233014400,37.99,38.41,37.72,38.23,5082
1233100800,38.99,39.68,38.85,39.44,1803
1233187200,38.92,38.97,38.14,38.23,1472
1233273600,38.36,38.49,37.16,37.38,2370
1233532800,36.83,37.58,36.73,37.34,2635
1233619200,37.51,38.07,37.15,37.9,1732
1233705600,38.03,38.54,37.54,37.63,2624
1233792000,37.41,38.56,37.12,38.26,2296
1233878400,38.39,39.46,38.28,39.29,3558
1234137600,39.3,39.67,39.06,39.43,2927
1234224000,39.05,39.35,37.33,37.57,2661
1234310400,37.78,38.04,37.27,37.83,2950
1234396800,37.18,37.93,36.69,37.93,4878
1234483200,37.87,38.14,37.48,37.51,4482
1234828800,36.38,36.5,35.84,35.84,4566
1234915200,36.17,36.18,35.42,35.83,2654
1235001600,36.1,36.28,35.28,35.4,2715
1235088000,34.79,35.44,34.26,35.02,5799
1235347200,35.37,35.39,33.72,33.82,4652
1235433600,34.09,35.26,33.86,35.08,5325
1235520000,34.91,35.52,34.24,34.84,14342
1235606400,35.25,35.49,34.24,34.27,7473
1235692800,33.59,34.23,33.39,33.51,8145
1235952000,32.8,33.03,31.86,31.93,5298
1236038400,32.39,32.45,31.5,31.69,6111
1236124800,32.27,33.0,31.93,32.49,4375
1236211200,31.88,32.12,30.92,31.15,4877
1236297600,31.4,31.9,30.4,31.18,4038
1236556800,31.48,31.52,30.7,30.8,2855
1236643200,32.16,32.83,32.05,32.79,3255
1236729600,33.33,33.36,32.57,32.95,2207
1236816000,33.24,34.33,33.15,34.19,3810
1236902400,34.27,34.59,33.88,34.47,1651
1237161600,34.75,35.3,34.34,34.4,3228
1237248000,34.36,35.41,34.35,35.4,2473
1237334400,35.02,36.55,34.88,36.15,4681
1237420800,36.12,36.37,35.64,35.72,3397
1237507200,35.82,35.85,34.94,35.04,5218
1237766400,36.28,37.49,36.26,37.48,4202
1237852800,36.97,37.54,36.69,36.71,1832
1237939200,37.18,37.43,35.8,36.86,1975
1238025600,36.95,37.73,36.92,37.66,3217
1238112000,37.03,37.36,36.85,36.94,3414
1238371200,36.16,36.16,35.34,35.7,1848
1238457600,36.06,36.73,35.87,36.02,1625
1238544000,35.64,36.83,35.5,36.67,2047
1238630400,37.63,38.34,37.48,37.73,2495
1238716800,37.79,38.16,37.49,38.16,2631
1238976000,37.84,37.96,37.32,37.87,1551
1239062400,37.24,37.45,36.94,36.94,1532
1239148800,37.2,37.56,36.93,37.44,1208
1239235200,38.39,38.84,38.22,38.84,1754
1239580800,38.52,39.2,38.32,38.92,2501
1239667200,38.56,38.85,38.12,38.19,2913
1239753600,37.98,38.67,37.88,38.63,1483
1239840000,38.94,39.5,38.42,39.23,1844
1239926400,39.38,39.72,39.02,39.45,1962
1240185600,38.8,38.8,37.75,37.78,1440
1240272000,37.54,38.55,37.49,38.52,2193
1240358400,38.19,39.12,38.11,38.29,2788
1240444800,38.41,38.66,37.89,38.6,2499
1240531200,38.95,39.55,38.82,39.26,2928
1240790400,38.79,39.41,38.74,38.91,5932
1240876800,38.46,39.24,38.42,38.8,2684
1240963200,39.23,40.03,39.13,39.64,3041
1241049600,40.17,40.38,39.45,39.66,3598
1241136000,39.69,40.0,39.33,39.82,3325
1241395200,40.19,41.22,40.1,41.22,3261
1241481600,41.12,41.23,40.74,41.04,3465
1241568000,41.54,41.78,41.06,41.66,4411
1241654400,42.18,42.21,40.87,41.12,4623
1241740800,41.67,42.19,41.36,42.07,9821
1242000000,41.58,41.71,41.25,41.3,4117
1242086400,41.51,41.6,40.68,41.22,2350
1242172800,40.64,40.74,40.06,40.13,2894
1242259200,40.2,40.76,40.04,40.5,2982
1242345600,40.45,40.72,39.9,40.12,2388
1242604800,40.56,41.35,40.46,41.34,2320
1242691200,41.33,41.66,41.13,41.3,5744
1242777600,41.68,42.06,40.98,41.08,4574
1242864000,40.52,40.69,40.0,40.41,2410
1242950400,40.48,40.75,40.18,40.36,2021
1243296000,40.05,41.48,40.03,41.41,3587
1243382400,41.49,41.58,40.59,40.66,4057
1243468800,41.02,41.38,40.39,41.26,8377
1243555200,41.46,41.93,41.14,41.93,2170
1243814400,42.47,43.15,42.37,42.99,5003
1243900800,42.87,43.25,42.71,43.02,4081
1243987200,42.7,42.72,42.04,42.45,3137
1244073600,42.57,42.9,42.3,42.85,2609
1244160000,43.27,43.37,42.5,42.86,4287
1244419200,42.61,43.08,42.17,42.75,2247
1244505600,42.94,43.16,42.64,42.92,1785
1244592000,43.34,43.34,42.29,42.83,1672
1244678400,42.93,43.59,42.89,43.08,2414
1244764800,42.9,43.14,42.65,43.13,1773
1245024000,42.67,42.67,41.91,42.1,1315
1245110400,42.49,42.49,41.52,41.55,1720
1245196800,41.54,41.84,41.16,41.47,3849
1245283200,41.58,41.98,41.36,41.84,1593
1245369600,42.21,42.23,41.74,41.97,1017
1245628800,41.5,41.54,40.65,40.66,2201
1245715200,40.72,40.93,40.46,40.74,2029
1245801600,40.91,41.26,40.62,40.84,4148
1245888000,40.64,41.77,40.61,41.72,1991
1245974400,41.62,41.83,41.43,41.66,1573
1246233600,41.8,42.08,41.54,42.02,2251
1246320000,42.05,42.16,41.39,41.72,2137
1246406400,41.93,42.29,41.85,41.89,1523
1246492800,41.29,41.34,40.75,40.75,1106
1246838400,40.4,40.75,40.2,40.73,1570
1246924800,40.7,40.7,39.88,39.92,2190
1247011200,40.11,40.22,39.41,39.92,1988
1247097600,40.14,40.27,39.84,39.97,1448
1247184000,39.8,40.1,39.6,39.87,1352
1247443200,39.99,40.84,39.68,40.83,764
1247529600,40.97,41.11,40.68,41.1,1187
1247616000,41.62,42.37,41.59,42.3,936
1247702400,42.15,42.83,42.07,42.7,1299
1247788800,42.69,42.77,42.43,42.68,953
1248048000,42.92,43.22,42.72,43.15,1438
1248134400,43.43,43.5,42.83,43.34,1382
1248220800,43.16,43.6,43.06,43.33,1702
1248307200,43.41,44.5,43.35,44.33,1905
1248393600,44.14,44.56,43.92,44.51,1376
1248652800,44.45,44.69,44.2,44.62,1153
1248739200,44.37,44.67,44.07,44.54,1093
1248825600,44.26,44.45,44.04,44.32,1171
1248912000,44.83,45.32,44.75,44.82,2558
1248998400,44.84,45.14,44.67,44.85,1248
1249257600,45.35,45.65,45.1,45.59,1613
1249344000,45.48,45.81,45.34,45.7,1489
1249430400,45.81,45.82,45.25,45.62,2468
1249516800,45.87,45.91,45.18,45.39,1276
1249603200,45.86,46.32,45.6,45.99,1395
1249862400,45.82,45.99,45.57,45.88,1102
1249948800,45.68,45.69,45.19,45.28,1130
1250035200,45.2,46.13,45.2,45.79,2145
1250121600,46.03,46.16,45.58,46.13,1982
1250208000,46.17,46.17,45.3,45.74,1700
1250467200,44.89,45.0,44.55,44.64,1482
1250553600,44.77,45.16,44.68,45.05,977
1250640000,44.68,45.54,44.63,45.41,1218
1250726400,45.49,45.98,45.37,45.9,860
1250812800,46.24,46.82,46.18,46.75,826
1251072000,46.97,47.18,46.57,46.74,1114
1251158400,46.94,47.28,46.72,46.8,1174
1251244800,46.71,47.01,46.51,46.8,1050
1251331200,46.81,47.04,46.24,46.94,1170
1251417600,47.26,47.37,46.62,46.9,953
1251676800,46.45,46.51,46.2,46.51,1381
1251763200,46.23,46.85,45.4,45.47,1514
1251849600,45.26,45.56,45.2,45.3,1228
1251936000,45.61,45.75,45.21,45.72,936
1252022400,45.83,46.37,45.66,46.34,1198
1252368000,46.72,46.82,46.52,46.75,659
1252454400,46.83,47.3,46.72,47.18,1681
1252540800,47.14,47.65,46.98,47.64,735
1252627200,47.72,47.86,47.41,47.61,665
1252886400,47.31,47.95,47.24,47.93,785
1252972800,47.93,48.27,47.69,48.11,1009
1253059200,48.29,48.84,48.13,48.81,956
1253145600,48.74,49.16,48.5,48.74,851
1253232000,48.94,48.95,48.63,48.78,683
1253491200,48.4,48.77,48.31,48.64,666
1253577600,48.96,49.06,48.74,48.98,640
1253664000,49.08,49.34,48.47,48.47,873
1253750400,48.33,48.48,47.53,47.75,2208
1253836800,47.6,47.86,47.33,47.5,1209
1254096000,47.7,48.44,47.69,48.3,1058
1254182400,48.44,48.65,48.12,48.27,1783
1254268800,48.37,48.42,47.59,48.03,1572
1254355200,47.94,47.94,46.85,46.85,1363
1254441600,46.37,46.86,46.37,46.58,1102
1254700800,46.81,47.4,46.65,47.28,1785
1254787200,47.61,48.23,47.61,47.99,1755
1254873600,47.85,48.13,47.79,48.09,975
1254960000,48.48,48.74,48.27,48.5,1236
1255046400,48.55,48.78,48.42,48.76,1620
1255305600,49.05,49.19,48.79,48.98,1532
1255392000,48.85,48.97,48.56,48.9,1109
1255478400,49.5,49.76,49.25,49.71,1059
1255564800,49.5,49.91,49.45,49.88,988
1255651200,49.55,49.69,49.23,49.52,1004
1255910400,49.59,50.09,49.47,49.98,1279
1255996800,50.05,50.05,49.43,49.68,1097
1256083200,49.6,50.15,49.19,49.2,1587
1256169600,49.16,49.84,48.89,49.73,1385
1256256000,49.87,49.91,48.96,49.17,1420
1256515200,49.63,49.67,48.5,48.58,1282
1256601600,48.65,48.79,48.27,48.37,667
1256688000,48.05,48.12,47.36,47.43,794
1256774400,47.92,48.48,47.88,48.43,558
1256860800,48.01,48.13,46.96,47.06,1360
1257120000,47.32,47.84,46.79,47.37,1345
1257206400,47.06,47.6,47.02,47.55,1003
1257292800,47.92,48.3,47.57,47.61,1035
1257379200,47.99,48.56,47.93,48.54,1020
1257465600,48.27,48.76,48.21,48.68,728
1257724800,49.02,49.78,49.02,49.78,510
1257811200,49.69,49.93,49.52,49.79,624
1257897600,50.09,50.34,49.81,50.02,669
1257984000,49.98,50.21,49.38,49.51,736
1258070400,49.66,49.98,49.39,49.8,715
1258329600,50.15,50.73,50.13,50.53,587
1258416000,50.35,50.61,50.2,50.59,769
1258502400,50.58,50.59,50.27,50.56,425
1258588800,50.14,50.2,49.57,49.87,667
1258675200,49.59,49.81,49.46,49.71,743
1258934400,50.25,50.65,50.2,50.35,714
1259020800,50.36,50.41,49.96,50.31,717
1259107200,50.45,50.59,50.29,50.56,469
1259280000,49.22,50.06,49.17,49.74,604
1259539200,49.72,49.96,49.46,49.9,925
1259625600,50.35,50.68,50.25,50.49,611
1259712000,50.49,50.84,50.42,50.58,409
1259798400,50.64,50.92,50.1,50.16,810
1259884800,50.79,51.01,49.98,50.41,967
1260144000,50.39,50.63,50.2,50.33,707
1260230400,50.01,50.08,49.63,49.82,775
1260316800,49.74,50.03,49.5,49.96,496
1260403200,50.28,50.45,50.2,50.25,467
1260489600,50.5,50.56,50.26,50.51,432
1260748800,50.82,50.91,50.6,50.86,701
1260835200,50.64,50.87,50.48,50.59,454
1260921600,50.81,51.0,50.64,50.72,484
1261008000,50.43,50.45,50.07,50.13,529
1261094400,50.37,50.47,50.01,50.45,498
1261353600,50.65,51.07,50.65,50.91,773
1261440000,50.64,50.86,50.64,50.77,786
1261526400,50.86,50.95,50.69,50.92,769
1261612800,51.0,51.21,51.0,51.19,193
1261958400,51.3,51.38,51.06,51.23,537
1262044800,51.42,51.42,51.19,51.2,490
1262131200,51.05,51.21,50.99,51.2,508
1262217600,51.31,51.31,50.67,50.67,733
1262563200,51.12,51.52,51.07,51.48,530
1262649600,51.51,51.69,51.36,51.67,722
1262736000,51.63,51.83,51.58,51.74,647
1262822400,51.67,51.97,51.47,51.94,476
1262908800,51.72,52.11,51.68,52.08,396
1263168000,52.38,52.38,51.96,52.16,674
1263254400,51.85,51.92,51.46,51.7,497
1263340800,51.77,52.23,51.55,52.1,318
1263427200,52.02,52.33,52.02,52.21,344
1263513600,52.13,52.17,51.47,51.67,428
1263859200,51.66,52.33,51.66,52.3,639
1263945600,51.91,51.93,51.36,51.8,1304
1264032000,51.81,51.96,50.78,50.84,926
1264118400,50.66,50.77,49.68,49.7,766
1264377600,50.21,50.24,49.83,50.0,669
1264464000,49.79,50.28,49.66,49.73,823
1264550400,49.68,50.05,49.38,49.98,546
1264636800,50.15,50.16,49.1,49.41,596
1264723200,49.62,49.93,48.8,48.88,923
1264982400,49.23,49.63,49.17,49.61,584
1265068800,49.67,50.31,49.56,50.25,558
1265155200,50.02,50.24,49.85,49.96,370
1265241600,49.55,49.57,48.41,48.41,531
1265328000,48.46,48.59,47.53,48.54,746
1265587200,48.54,48.78,48.16,48.17,376
1265673600,48.75,49.13,48.33,48.78,897
1265760000,48.74,48.92,48.28,48.65,687
1265846400,48.6,49.22,48.34,49.16,525
1265932800,48.72,49.17,48.49,49.17,479
1266278400,49.55,50.02,49.41,50.0,496
1266364800,50.19,50.27,50.0,50.21,485
1266451200,50.18,50.6,50.14,50.54,500
1266537600,50.36,50.81,50.3,50.64,506
1266796800,50.78,50.83,50.52,50.6,284
1266883200,50.5,50.61,49.88,49.95,557
1266969600,50.14,50.48,50.03,50.46,488
1267056000,49.73,50.39,49.62,50.39,381
1267142400,50.39,50.56,50.12,50.44,355
1267401600,50.65,51.0,50.63,50.96,613
1267488000,51.2,51.34,51.04,51.09,386
1267574400,51.22,51.47,51.04,51.14,426
1267660800,51.21,51.37,51.03,51.28,1380
1267747200,51.63,52.06,51.49,51.99,489
1268006400,52.06,52.16,51.95,52.02,666
1268092800,51.9,52.36,51.89,52.13,451
1268179200,52.17,52.51,52.15,52.38,512
1268265600,52.26,52.6,52.1,52.58,359
1268352000,52.83,52.83,52.47,52.62,434
1268611200,52.45,52.63,52.21,52.58,337
1268697600,52.75,53.07,52.74,53.02,315
1268784000,53.25,53.54,53.21,53.36,702
1268870400,53.33,53.39,53.11,53.3,664
1268956800,53.0,53.1,52.82,52.98,504
1269216000,53.18,53.39,53.13,53.28,260
1269302400,53.43,53.73,53.22,53.7,416
1269388800,53.57,53.64,53.33,53.4,304
1269475200,53.49,53.77,53.04,53.08,483
1269561600,53.43,53.43,52.87,53.14,454
1269820800,53.35,53.48,53.25,53.43,317
1269907200,53.47,53.65,53.25,53.43,1060
1269993600,53.28,53.53,53.12,53.3,303
1270080000,53.63,53.85,53.38,53.69,532
1270425600,53.89,54.16,53.74,54.12,393
1270512000,53.95,54.35,53.93,54.26,467
1270598400,54.17,54.28,53.72,53.95,511
1270684800,53.78,54.2,53.6,54.13,368
1270771200,54.22,54.49,54.15,54.46,332
1271030400,54.52,54.7,54.49,54.59,326
1271116800,54.53,54.7,54.24,54.61,536
1271203200,54.78,55.24,54.78,55.22,521
1271289600,55.18,55.38,55.11,55.28,590
1271376000,55.07,55.16,54.13,54.41,782
1271635200,54.25,54.61,54.0,54.58,468
1271721600,54.93,55.12,54.75,55.05,470
1271808000,55.14,55.23,54.7,54.99,588
1271894400,54.61,55.22,54.29,55.16,598
1271980800,55.09,55.56,55.04,55.54,409
1272240000,55.59,55.67,55.26,55.29,2007
1272326400,55.01,55.29,53.95,54.05,734
1272412800,54.31,54.54,53.91,54.36,646
1272499200,54.77,55.21,54.76,55.1,1001
1272585600,55.13,55.13,54.15,54.17,509
1272844800,54.44,55.0,54.35,54.84,441
1272931200,54.28,54.28,53.27,53.54,640
1273017600,53.06,53.65,52.8,53.15,880
1273104000,52.95,53.22,48.22,51.43,1756
1273190400,51.25,51.74,49.88,50.63,1922
1273449600,52.73,53.06,52.28,52.87,874
1273536000,52.36,53.37,52.25,52.68,925
1273622400,52.96,53.55,52.85,53.49,564
1273708800,53.38,53.59,52.81,52.84,520
1273795200,52.41,52.45,51.44,51.87,555
1274054400,51.96,52.1,50.89,51.87,542
1274140800,52.33,52.45,51.0,51.2,748
1274227200,50.86,51.3,50.21,50.85,1027
1274313600,49.75,49.93,48.89,48.89,1851
1274400000,48.16,49.76,48.02,49.63,2100
1274659200,49.37,49.75,48.96,49.0,1344
1274745600,47.75,49.05,47.45,49.05,2079
1274832000,49.38,49.8,48.67,48.8,1221
1274918400,49.73,50.44,49.57,50.43,1060
1275004800,50.42,50.42,49.62,49.81,739
1275350400,49.38,50.07,48.91,48.94,1114
1275436800,49.19,50.24,48.97,50.22,671
1275523200,50.42,50.56,49.96,50.46,809
1275609600,49.53,49.8,48.51,48.74,936
1275868800,48.86,49.02,47.98,48.04,1610
1275955200,48.04,48.57,47.62,48.49,1354
1276041600,48.82,49.28,48.1,48.28,899
1276128000,49.07,49.73,49.01,49.7,932
1276214400,49.27,49.98,49.22,49.96,485
1276473600,50.38,50.64,49.86,49.9,658
1276560000,50.28,51.07,50.21,51.04,603
1276646400,50.82,51.22,50.7,51.02,586
1276732800,51.19,51.19,50.63,51.08,337
1276819200,51.21,51.31,50.98,51.15,420
1277078400,51.79,51.81,50.71,50.96,705
1277164800,51.01,51.19,50.09,50.13,623
1277251200,50.11,50.29,49.66,49.93,964
1277337600,49.5,49.52,48.78,48.88,835
1277424000,49.06,49.34,48.65,49.13,940
1277683200,49.2,49.3,48.81,48.92,640
1277769600,48.27,48.28,47.11,47.38,1267
1277856000,47.29,47.73,46.83,46.9,920
1277942400,46.89,47.05,45.99,46.74,1632
1278028800,46.88,47.01,46.25,46.54,630
1278374400,47.15,47.48,46.36,46.75,928
1278460800,46.89,48.29,46.86,48.23,542
1278547200,48.66,48.79,48.19,48.71,868
1278633600,48.74,49.11,48.65,49.07,780
1278892800,48.91,49.24,48.76,49.11,417
1278979200,49.63,50.07,49.57,49.9,760
1279065600,49.75,50.07,49.54,49.87,582
1279152000,49.84,50.05,49.23,49.94,1179
1279238400,49.64,49.64,48.41,48.52,730
1279497600,48.72,48.94,48.31,48.81,304
1279584000,48.17,49.38,48.12,49.36,860
1279670400,49.64,49.69,48.55,48.75,846
1279756800,49.28,50.01,49.28,49.83,607
1279843200,49.73,50.3,49.59,50.25,813
1280102400,50.31,50.84,50.19,50.83,688
1280188800,51.1,51.12,50.58,50.75,550
1280275200,50.69,50.8,50.25,50.41,518
1280361600,50.76,50.83,49.74,50.18,547
1280448000,49.63,50.43,49.59,50.21,688
1280707200,50.99,51.38,50.78,51.31,909
1280793600,51.2,51.3,50.87,51.06,828
1280880000,51.16,51.47,51.04,51.41,635
1280966400,51.09,51.38,51.03,51.34,411
1281052800,50.82,51.21,50.49,51.17,443
1281312000,51.38,51.52,51.19,51.45,421
1281398400,51.0,51.39,50.7,51.14,674
1281484800,50.32,50.32,49.65,49.73,672
1281571200,48.96,49.59,48.87,49.43,460
1281657600,49.24,49.54,49.24,49.27,322
1281916800,48.92,49.41,48.76,49.25,369
1282003200,49.69,50.22,49.55,49.89,448
1282089600,49.85,50.21,49.59,49.98,465
1282176000,49.74,49.78,48.91,49.14,487
1282262400,48.95,49.02,48.6,48.94,552
1282521600,49.16,49.41,48.75,48.75,456
1282608000,48.21,48.4,47.75,48.03,885
1282694400,47.72,48.36,47.45,48.21,630
1282780800,48.45,48.5,47.75,47.85,945
1282867200,48.22,48.68,47.46,48.66,799
1283126400,48.53,48.67,47.92,47.92,721
1283212800,47.72,48.23,47.57,47.94,1255
1283299200,48.57,49.43,48.56,49.37,840
1283385600,49.45,49.85,49.4,49.83,756
1283472000,50.35,50.57,50.1,50.51,972
1283817600,50.26,50.32,49.89,49.94,865
1283904000,49.99,50.45,49.99,50.25,540
1283990400,50.84,50.84,50.37,50.5,661
1284076800,50.6,50.8,50.5,50.75,403
1284336000,51.22,51.4,51.05,51.31,520
1284422400,51.19,51.57,51.04,51.31,649
1284508800,51.14,51.56,51.01,51.5,613
1284595200,51.33,51.5,51.19,51.49,360
1284681600,51.78,51.79,51.39,51.52,377
1284940800,51.72,52.41,51.64,52.31,350
1285027200,52.32,52.57,52.0,52.19,791
1285113600,52.09,52.41,51.79,51.97,438
1285200000,51.52,52.04,51.43,51.54,442
1285286400,51.85,52.34,51.85,52.31,557
1285545600,52.35,52.39,52.05,52.08,1091
1285632000,52.17,52.43,51.62,52.32,659
1285718400,52.15,52.4,52.02,52.2,1012
1285804800,52.53,52.81,51.84,52.08,757
1285891200,52.48,52.53,52.0,52.29,761
1286150400,52.23,52.37,51.67,51.88,663
1286236800,52.38,53.04,52.31,52.91,870
1286323200,52.94,53.03,52.67,52.88,785
1286409600,53.13,53.14,52.56,52.82,551
1286496000,52.88,53.29,52.73,53.15,558
1286755200,53.25,53.32,53.04,53.2,764
1286841600,53.08,53.53,52.76,53.39,729
1286928000,53.73,54.07,53.57,53.79,636
1287014400,53.76,53.83,53.26,53.59,586
1287100800,53.98,53.98,53.31,53.71,655
1287360000,53.74,54.1,53.61,54.05,700
1287446400,53.43,53.71,52.89,53.21,762
1287532800,53.29,54.0,53.28,53.76,609
1287619200,54.02,54.3,53.48,53.86,740
1287705600,53.98,54.01,53.86,54.0,356
1287964800,54.38,54.63,54.13,54.15,555
1288051200,53.9,54.23,53.83,54.16,504
1288137600,53.83,54.09,53.56,54.07,553
1288224000,54.36,54.38,53.82,54.1,617
1288310400,54.01,54.21,53.94,54.14,376
1288569600,54.61,54.62,53.86,54.17,391
1288656000,54.49,54.71,54.42,54.6,329
1288742400,54.69,54.81,54.13,54.79,877
1288828800,55.54,55.86,55.49,55.83,505
1288915200,56.04,56.11,55.84,56.06,391
1289174400,55.9,56.05,55.75,55.98,571
1289260800,56.14,56.18,55.34,55.58,547
1289347200,55.53,55.83,55.18,55.8,575
1289433600,55.32,55.69,55.22,55.63,478
1289520000,55.26,55.49,54.69,54.92,758
1289779200,55.1,55.31,54.86,54.87,466
1289865600,54.57,54.57,53.75,54.01,710
1289952000,54.05,54.25,53.9,54.04,561
1290038400,54.6,55.03,54.59,54.84,437
1290124800,54.79,55.04,54.54,55.03,497
1290384000,54.77,55.03,54.37,54.99,675
1290470400,54.39,54.46,54.06,54.22,662
1290556800,54.59,55.05,54.58,55.05,727
1290729600,54.59,54.85,54.51,54.66,250
1290988800,54.29,54.7,53.95,54.6,723
1291075200,54.01,54.56,53.95,54.24,766
1291161600,55.02,55.48,55.02,55.39,537
1291248000,55.5,56.13,55.47,56.11,655
1291334400,55.87,56.34,55.87,56.28,534
1291593600,56.15,56.35,56.12,56.23,663
1291680000,56.79,56.82,56.23,56.25,571
1291766400,56.34,56.48,56.1,56.43,482
1291852800,56.76,56.76,56.39,56.63,557
1291939200,56.8,57.03,56.66,57.0,497
1292198400,57.26,57.29,56.99,57.01,618
1292284800,57.07,57.31,56.89,57.06,586
1292371200,56.99,57.19,56.72,56.8,737
1292457600,56.85,57.18,56.67,57.14,698
1292544000,57.11,57.3,57.02,57.24,794
1292803200,57.42,57.49,57.09,57.35,565
1292889600,57.57,57.78,57.52,57.72,592
1292976000,57.82,57.94,57.76,57.92,717
1293062400,57.87,57.92,57.71,57.83,425
1293408000,57.34,57.59,57.27,57.55,344
1293494400,57.68,57.68,57.47,57.59,378
1293580800,57.69,57.79,57.64,57.66,660
1293667200,57.65,57.75,57.53,57.62,776
1293753600,57.52,57.66,57.44,57.6,403
1294012800,58.06,58.44,58.04,58.2,695
1294099200,58.35,58.36,57.77,58.13,668
1294185600,58.0,58.46,57.92,58.43,652
1294272000,58.49,58.51,58.15,58.32,971
1294358400,58.45,58.45,57.78,58.22,783
1294617600,57.95,58.26,57.8,58.18,581
1294704000,58.41,58.52,58.18,58.4,853
1294790400,58.79,58.98,58.66,58.93,487
1294876800,58.94,58.98,58.69,58.82,617
1294963200,58.75,59.24,58.72,59.24,907
1295308800,59.19,59.41,59.13,59.36,485
1295395200,59.34,59.34,58.59,58.74,433
1295481600,58.62,58.78,58.22,58.63,585
1295568000,58.96,59.13,58.69,58.76,434
1295827200,58.73,59.14,58.7,59.08,625
1295913600,58.9,59.19,58.67,59.11,525
1296000000,59.25,59.55,59.19,59.42,681
1296086400,59.44,59.64,59.33,59.56,975
1296172800,59.59,59.71,58.43,58.51,810
1296432000,58.64,59.0,58.58,58.95,498
1296518400,59.32,59.98,59.3,59.9,575
1296604800,59.76,59.93,59.73,59.79,593
1296691200,59.71,59.99,59.37,59.93,482
1296777600,59.95,60.09,59.67,60.08,476
1297036800,60.23,60.65,60.23,60.47,729
1297123200,60.51,60.77,60.39,60.74,1343
1297209600,60.6,60.72,60.29,60.56,1463
1297296000,60.28,60.68,60.15,60.62,1026
1297382400,60.42,61.07,60.38,60.98,708
1297641600,61.0,61.22,60.92,61.18,615
1297728000,61.0,61.07,60.81,60.95,637
1297814400,61.18,61.42,61.08,61.35,534
1297900800,61.19,61.61,61.09,61.55,905
1297987200,61.61,61.73,61.45,61.65,470
1298332800,60.98,61.33,60.22,60.36,920
1298419200,60.32,60.46,59.58,59.97,1042
1298505600,59.93,60.12,59.39,59.93,1129
1298592000,60.19,60.64,60.13,60.62,651
1298851200,60.86,61.05,60.63,60.95,770
1298937600,61.17,61.22,59.94,59.94,1598
1299024000,59.88,60.35,59.81,60.07,692
1299110400,60.57,61.18,60.57,61.11,514
1299196800,61.11,61.13,60.3,60.67,842
1299456000,60.9,60.98,59.89,60.17,947
1299542400,60.25,60.87,60.02,60.69,750
1299628800,60.58,60.79,60.3,60.62,792
1299715200,60.02,60.03,59.44,59.47,1227
1299801600,59.24,60.07,59.24,59.89,801
1300060800,59.53,59.61,59.08,59.53,1199
1300147200,58.44,59.18,58.35,58.85,2063
1300233600,58.81,58.88,57.39,57.81,1932
1300320000,58.73,58.76,58.22,58.5,1693
1300406400,58.91,59.15,58.62,58.74,1234
1300665600,59.7,59.73,59.5,59.62,792
1300752000,59.65,59.65,59.39,59.44,655
1300838400,59.14,59.76,59.0,59.62,893
1300924800,59.79,60.25,59.77,60.17,602
1301011200,60.15,60.42,60.13,60.2,692
1301270400,60.3,60.4,59.97,59.98,736
1301356800,59.97,60.41,59.76,60.39,396
1301443200,60.73,61.01,60.67,60.86,689
1301529600,60.76,60.94,60.73,60.79,489
1301616000,61.14,61.32,60.92,61.07,781
1301875200,61.21,61.3,60.98,61.11,753
1301961600,61.03,61.37,60.98,61.13,545
1302048000,61.39,61.48,61.09,61.29,492
1302134400,61.2,61.42,60.86,61.16,343
1302220800,61.42,61.45,60.68,60.9,384
1302480000,60.98,61.17,60.57,60.71,421
1302566400,60.41,60.46,60.02,60.24,536
1302652800,60.5,60.59,60.06,60.27,397
1302739200,59.91,60.4,59.73,60.3,699
1302825600,60.42,60.67,60.24,60.55,467
1303084800,59.89,59.97,59.41,59.87,625
1303171200,59.94,60.22,59.81,60.22,347
1303257600,60.96,61.16,60.94,61.05,423
1303344000,61.37,61.38,61.15,61.37,386
1303689600,61.34,61.37,61.08,61.27,1013
1303776000,61.5,61.94,61.43,61.82,510
1303862400,61.95,62.32,61.72,62.22,382
1303948800,62.15,62.5,62.15,62.43,475
1304035200,62.46,62.64,62.38,62.59,249
1304294400,62.91,62.93,62.39,62.5,466
1304380800,62.4,62.46,61.92,62.25,317
1304467200,62.2,62.22,61.57,61.81,415
1304553600,61.49,61.87,61.03,61.29,377
1304640000,61.91,62.21,61.36,61.56,380
1304899200,61.61,61.97,61.48,61.86,279
1304985600,62.05,62.49,61.98,62.38,760
1305072000,62.27,62.27,61.48,61.72,320
1305158400,61.59,62.13,61.25,62.02,323
1305244800,62.05,62.13,61.34,61.53,966
1305504000,61.28,61.78,61.03,61.14,347
1305590400,60.87,61.14,60.63,61.09,449
1305676800,61.12,61.71,61.0,61.65,403
1305763200,61.88,61.99,61.5,61.82,542
1305849600,61.66,61.73,61.22,61.36,234
1306108800,60.57,60.8,60.41,60.62,551
1306195200,60.8,60.9,60.46,60.58,330
1306281600,60.33,61.0,60.31,60.78,704
1306368000,60.61,61.16,60.51,61.05,325
1306454400,61.25,61.49,61.2,61.34,417
1306800000,61.93,61.97,61.49,61.96,358
1306886400,61.78,61.83,60.55,60.6,445
1306972800,60.68,60.75,60.19,60.52,425
1307059200,59.79,60.36,59.77,59.92,452
1307318400,59.76,59.87,59.19,59.22,731
1307404800,59.5,59.7,59.2,59.22,338
1307491200,59.11,59.28,58.85,58.93,402
1307577600,59.12,59.61,58.97,59.36,408
1307664000,59.11,59.12,58.4,58.51,624
1307923200,58.66,58.82,58.25,58.53,396
1308009600,59.08,59.51,59.07,59.29,403
1308096000,58.83,58.98,58.1,58.26,692
1308182400,58.28,58.64,57.86,58.31,1052
1308268800,58.86,58.9,58.32,58.47,526
1308528000,58.27,58.91,58.27,58.79,297
1308614400,59.11,59.76,59.02,59.66,638
1308700800,59.47,59.81,59.27,59.28,384
1308787200,58.6,59.18,58.19,59.15,527
1308873600,58.92,58.94,58.21,58.23,326
1309132800,58.23,58.93,58.15,58.71,503
1309219200,58.95,59.48,58.9,59.48,337
1309305600,59.77,60.08,59.56,60.01,456
1309392000,60.22,60.67,60.16,60.61,569
1309478400,60.6,61.55,60.5,61.47,588
1309824000,61.39,61.55,61.24,61.45,391
1309910400,61.31,61.59,61.15,61.51,360
1309996800,62.07,62.33,61.99,62.18,655
1310083200,61.49,61.76,61.28,61.76,342
1310342400,61.03,61.17,60.45,60.61,463
1310428800,60.45,60.9,60.32,60.32,472
1310515200,60.63,61.17,60.41,60.51,303
1310601600,60.67,60.95,59.97,60.1,495
1310688000,60.41,60.52,60.05,60.46,524
1310947200,60.21,60.27,59.5,59.94,402
1311033600,60.3,60.99,60.3,60.91,775
1311120000,61.09,61.12,60.82,60.92,256
1311206400,61.2,61.84,61.09,61.69,651
1311292800,61.72,61.83,61.4,61.77,458
1311552000,61.18,61.71,61.12,61.42,696
1311638400,61.38,61.48,61.06,61.18,541
1311724800,60.83,60.83,59.83,59.91,864
1311811200,59.93,60.43,59.65,59.73,793
1311897600,59.11,59.88,58.85,59.37,1445
1312156800,60.07,60.23,58.53,59.1,1765
1312243200,58.71,58.97,57.59,57.59,1197
1312329600,57.66,57.94,56.62,57.9,2061
1312416000,57.11,57.13,55.0,55.04,3203
1312502400,55.78,55.88,53.47,54.92,3965
1312761600,53.46,53.99,51.14,51.23,4755
1312848000,52.02,53.67,50.4,53.65,6726
1312934400,52.69,53.19,51.28,51.4,5081
1313020800,51.86,54.41,51.68,53.73,3569
1313107200,54.23,54.58,53.73,54.12,2569
1313366400,54.57,55.3,54.51,55.27,1769
1313452800,54.75,55.27,54.24,54.75,2285
1313539200,55.03,55.48,54.35,54.78,1470
1313625600,53.39,53.39,51.87,52.36,2822
1313712000,51.62,52.93,51.42,51.49,1939
1313971200,52.65,52.66,51.37,51.5,1356
1314057600,51.68,53.24,51.44,53.24,2338
1314144000,53.1,54.03,52.98,54.0,3287
1314230400,54.25,54.59,52.98,53.14,2767
1314316800,52.84,54.19,52.06,53.94,2201
1314576000,54.68,55.57,54.68,55.54,909
1314662400,55.32,56.05,54.93,55.71,1173
1314748800,56.09,56.55,55.56,55.97,1202
1314835200,55.99,56.46,55.3,55.33,1074
1314921600,54.23,54.48,53.75,53.91,892
1315267200,52.32,53.61,52.28,53.52,1344
1315353600,54.37,55.09,54.2,55.08,642
1315440000,54.72,55.38,54.39,54.51,674
1315526400,53.89,54.08,52.79,53.06,1111
1315785600,52.41,53.43,52.24,53.43,1327
1315872000,53.56,54.11,53.23,53.93,967
1315958400,54.22,55.33,53.47,54.71,1124
1316044800,55.25,55.64,54.8,55.61,877
1316131200,55.82,56.1,55.4,55.91,989
1316390400,54.98,55.63,54.62,55.35,1849
1316476800,55.58,56.12,55.23,55.23,898
1316563200,55.26,55.43,53.6,53.6,1716
1316649600,52.1,52.5,51.15,51.9,2167
1316736000,51.29,52.18,51.21,51.91,1519
1316995200,52.39,53.15,51.61,53.09,1869
1317081600,54.07,54.65,53.43,53.7,1068
1317168000,53.81,54.12,52.54,52.54,1053
1317254400,53.51,53.68,52.02,52.93,1134
1317340800,52.25,52.61,51.61,51.63,1066
1317600000,51.32,51.95,50.03,50.03,1261
1317686400,49.34,51.32,48.92,51.24,2391
1317772800,51.36,52.33,50.86,52.22,1715
1317859200,52.19,53.26,51.82,53.2,1763
1317945600,53.52,53.53,52.55,52.77,1748
1318204800,53.7,54.56,53.7,54.56,1021
1318291200,54.21,54.8,54.2,54.57,1060
1318377600,55.04,55.72,54.96,55.12,1360
1318464000,54.8,55.2,54.38,55.0,690
1318550400,55.74,55.99,55.4,55.95,752
1318809600,55.74,55.74,54.76,54.89,678
1318896000,54.84,56.39,54.43,56.03,917
1318982400,55.92,56.2,55.12,55.24,967
1319068800,55.42,55.67,54.7,55.5,832
1319155200,56.21,56.66,56.03,56.57,954
1319414400,56.68,57.51,56.65,57.4,1115
1319500800,57.15,57.15,56.13,56.23,1121
1319587200,56.86,56.99,55.85,56.81,1017
1319673600,58.32,59.13,57.84,58.75,1052
1319760000,58.48,58.88,58.43,58.76,870
1320019200,58.0,58.14,57.23,57.23,1156
1320105600,56.24,56.4,55.58,55.76,1090
1320192000,56.52,56.86,56.16,56.65,976
1320278400,56.89,57.81,56.83,57.71,513
1320364800,56.87,57.49,56.68,57.35,1800
1320624000,57.37,57.79,56.82,57.75,844
1320710400,58.03,58.51,57.46,58.46,1045
1320796800,57.08,57.31,56.16,56.31,1234
1320883200,57.02,57.03,56.22,56.72,860
1320969600,57.45,57.98,57.43,57.83,498
1321228800,57.66,57.72,57.09,57.33,461
1321315200,57.12,57.9,56.98,57.61,607
1321401600,57.07,57.73,56.65,56.71,515
1321488000,56.6,56.7,55.43,55.77,810
1321574400,55.99,56.04,55.5,55.71,519
1321833600,54.86,54.95,54.19,54.69,636
1321920000,54.54,54.83,54.16,54.44,600
1322006400,53.95,53.96,53.25,53.25,728
1322179200,53.05,53.73,53.05,53.15,382
1322438400,54.54,54.87,54.28,54.65,883
1322524800,54.82,55.17,54.62,54.8,579
1322611200,56.39,57.17,56.29,57.15,664
1322697600,56.99,57.39,56.88,57.04,457
1322784000,57.63,57.79,57.04,57.11,604
1323043200,57.96,58.1,57.34,57.63,632
1323129600,57.64,58.04,57.47,57.7,592
1323216000,57.46,58.08,57.07,57.8,977
1323302400,57.46,57.61,56.45,56.6,657
1323388800,56.83,57.68,56.79,57.55,696
1323648000,57.01,57.04,56.24,56.72,612
1323734400,56.99,57.31,55.86,56.13,799
1323820800,55.87,56.07,55.37,55.5,1082
1323907200,56.11,56.12,55.62,55.71,991
1323993600,56.09,56.45,55.71,55.88,787
1324252800,56.02,56.19,55.12,55.25,630
1324339200,56.08,56.98,56.08,56.88,1099
1324425600,56.87,57.05,56.35,57.01,475
1324512000,57.19,57.56,57.1,57.5,651
1324598400,57.36,57.66,57.25,57.65,570
1324944000,57.61,57.85,57.54,57.7,463
1325030400,57.72,57.72,56.91,57.0,689
1325116800,57.13,57.6,57.1,57.57,745
1325203200,57.53,57.63,57.3,57.3,795
1325548800,58.37,58.56,58.12,58.18,784
1325635200,58.04,58.29,57.82,58.25,514
1325721600,57.95,58.53,57.69,58.44,768
1325808000,58.53,58.53,58.14,58.33,594
1326067200,58.44,58.53,58.21,58.46,517
1326153600,59.07,59.19,58.9,58.99,451
1326240000,58.81,59.12,58.74,59.06,389
1326326400,59.18,59.27,58.74,59.21,333
1326412800,58.77,58.93,58.4,58.93,581
1326758400,59.41,59.55,58.99,59.09,911
1326844800,59.1,59.78,59.0,59.77,581
1326931200,59.94,60.15,59.82,60.12,458
1327017600,60.01,60.12,59.86,60.11,393
1327276800,60.15,60.43,59.9,60.16,545
1327363200,59.81,60.15,59.72,60.12,387
1327449600,60.05,60.79,59.85,60.67,572
1327536000,60.93,61.05,60.12,60.33,624
1327622400,60.09,60.47,60.08,60.33,624
1327881600,59.8,60.17,59.55,60.1,829
1327968000,60.46,60.5,59.85,60.09,485
1328054400,60.53,60.97,60.51,60.69,574
1328140800,60.83,60.95,60.61,60.8,425
1328227200,61.38,61.69,61.35,61.69,635
1328486400,61.43,61.67,61.37,61.66,297
1328572800,61.57,61.9,61.32,61.78,357
1328659200,61.85,62.01,61.59,61.96,614
1328745600,62.06,62.17,61.71,62.08,452
1328832000,61.52,61.67,61.39,61.61,407
1329091200,62.04,62.12,61.79,62.05,399
1329177600,61.87,62.01,61.57,61.97,399
1329264000,62.17,62.29,61.58,61.71,974
1329350400,61.72,62.45,61.65,62.4,413
1329436800,62.63,62.67,62.37,62.54,618
1329782400,62.72,62.82,62.36,62.56,438
1329868800,62.42,62.58,62.25,62.36,672
1329955200,62.36,62.69,62.15,62.67,433
1330041600,62.81,62.91,62.66,62.77,359
1330300800,62.39,63.04,62.26,62.85,458
1330387200,62.91,63.1,62.78,63.06,363
1330473600,63.1,63.34,62.69,62.75,733
1330560000,62.91,63.27,62.84,63.2,458
1330646400,63.14,63.21,62.82,62.95,589
1330905600,62.88,62.89,62.46,62.71,760
1330992000,62.01,62.04,61.56,61.72,1085
1331078400,61.92,62.29,61.83,62.21,461
1331164800,62.6,62.93,62.44,62.82,509
1331251200,62.96,63.23,62.85,63.08,635
1331510400,62.9,63.09,62.85,63.05,339
1331596800,63.4,64.22,63.4,64.19,527
1331683200,64.26,64.27,63.9,64.11,542
1331769600,64.3,64.49,64.18,64.45,501
1331856000,64.5,64.62,64.49,64.57,389
1332115200,64.61,65.0,64.61,64.81,422
1332201600,64.37,64.67,64.37,64.6,582
1332288000,64.57,64.7,64.37,64.52,377
1332374400,64.05,64.11,63.84,64.04,599
1332460800,63.86,64.32,63.86,64.26,344
1332720000,64.41,64.85,64.41,64.85,436
1332806400,64.95,64.95,64.62,64.64,967
1332892800,64.55,64.71,63.93,64.33,594
1332979200,63.95,64.3,63.68,64.22,690
1333065600,64.56,64.59,64.15,64.45,576
1333324800,64.41,65.13,64.27,64.94,650
1333411200,64.88,64.97,64.35,64.73,741
1333497600,64.2,64.26,63.8,64.06,536
1333584000,63.8,64.18,63.78,64.02,456
1333929600,63.18,63.54,63.09,63.32,664
1334016000,63.2,63.33,62.15,62.2,894
1334102400,62.85,62.92,62.61,62.7,339
1334188800,62.81,63.59,62.76,63.57,480
1334275200,63.4,63.4,62.77,62.8,537
1334534400,63.16,63.24,62.54,62.74,704
1334620800,63.15,63.81,63.09,63.69,619
1334707200,63.43,63.66,63.35,63.47,572
1334793600,63.44,63.71,62.8,63.09,927
1334880000,63.33,63.57,63.15,63.17,423
1335139200,62.58,62.66,62.21,62.6,944
1335225600,62.71,63.0,62.63,62.8,440
1335312000,63.47,63.77,63.44,63.75,648
1335398400,63.65,64.28,63.6,64.21,483
1335484800,64.43,64.49,64.05,64.36,643
1335744000,64.15,64.25,63.93,64.06,600
1335830400,64.04,64.9,64.0,64.44,790
1335916800,64.14,64.35,63.89,64.3,607
1336003200,64.3,64.32,63.62,63.75,712
1336089600,63.37,63.43,62.68,62.72,555
1336348800,62.46,62.95,62.46,62.76,493
1336435200,62.36,62.57,61.73,62.5,616
1336521600,61.86,62.51,61.58,62.12,836
1336608000,62.62,62.64,62.15,62.28,404
1336694400,61.93,62.65,61.87,62.09,607
1336953600,61.48,61.81,61.3,61.4,1208
1337040000,61.35,61.68,60.94,61.03,1257
1337126400,61.28,61.58,60.77,60.79,1074
1337212800,60.81,60.86,59.82,59.82,1376
1337299200,60.0,60.18,59.19,59.33,1868
1337558400,59.44,60.38,59.36,60.36,741
1337644800,60.5,60.92,60.06,60.41,944
1337731200,59.99,60.57,59.43,60.5,1295
1337817600,60.69,60.75,60.14,60.59,721
1337904000,60.6,60.73,60.3,60.45,593
1338249600,60.87,61.27,60.74,61.15,662
1338336000,60.61,60.68,60.15,60.26,747
1338422400,60.26,60.5,59.56,60.12,1172
1338508800,59.13,59.31,58.54,58.58,1382
1338768000,58.6,58.79,58.05,58.54,3883
1338854400,58.4,59.05,58.36,58.97,761
1338940800,59.33,60.32,59.33,60.32,1010
1339027200,60.94,60.98,60.21,60.29,815
1339113600,60.13,60.8,59.94,60.79,442
1339372800,61.29,61.33,59.95,60.0,599
1339459200,60.15,60.68,59.85,60.66,614
1339545600,60.45,60.82,60.05,60.25,598
1339632000,60.32,61.07,60.18,60.88,946
1339718400,61.08,61.5,60.98,61.45,448
1339977600,61.2,61.75,61.11,61.6,559
1340064000,61.95,62.46,61.87,62.22,525
1340150400,62.26,62.4,61.67,62.12,627
1340236800,62.17,62.23,60.68,60.72,468
1340323200,61.04,61.27,60.8,61.16,730
1340582400,60.21,60.21,59.64,59.85,660
1340668800,60.02,60.33,59.72,60.16,574
1340755200,60.32,60.83,60.32,60.72,827
1340841600,60.33,60.63,59.87,60.56,683
1340928000,61.62,62.1,61.5,62.1,889
1341187200,62.28,62.32,61.82,62.24,585
1341273600,62.3,62.73,62.19,62.7,371
1341446400,62.47,62.71,62.22,62.44,536
1341532800,61.85,61.96,61.58,61.84,620
1341792000,61.78,61.86,61.48,61.75,327
1341878400,62.04,62.13,61.0,61.23,514
1341964800,61.21,61.36,60.82,61.19,472
1342051200,60.84,61.15,60.48,60.94,1046
1342137600,61.08,61.95,61.08,61.88,383
1342396800,61.78,61.92,61.5,61.72,316
1342483200,62.0,62.26,61.35,62.17,527
1342569600,61.99,62.73,61.98,62.61,495
1342656000,62.79,62.98,62.54,62.83,1070
1342742400,62.49,62.54,62.16,62.2,840
1343001600,61.3,61.73,61.0,61.59,356
1343088000,61.62,61.64,60.62,61.05,672
1343174400,61.19,61.3,60.72,61.05,486
1343260800,61.89,62.13,61.62,61.98,1162
1343347200,62.32,63.33,62.24,63.17,909
1343606400,63.14,63.45,62.99,63.15,665
1343692800,63.03,63.25,62.85,62.86,609
1343779200,63.12,63.14,62.58,62.66,691
1343865600,62.2,62.61,61.74,62.22,666
1343952000,63.05,63.55,63.05,63.41,698
1344211200,63.55,63.81,63.55,63.59,750
1344297600,63.8,64.22,63.8,63.91,601
1344384000,63.68,64.08,63.68,63.98,509
1344470400,63.93,64.2,63.92,64.06,464
1344556800,63.84,64.19,63.71,64.17,273
1344816000,64.08,64.17,63.8,64.13,387
1344902400,64.33,64.4,63.96,64.11,406
1344988800,64.05,64.32,64.01,64.22,490
1345075200,64.33,64.79,64.2,64.7,427
1345161600,64.82,64.85,64.67,64.81,488
1345420800,64.76,64.84,64.57,64.84,320
1345507200,64.96,65.23,64.5,64.6,577
1345593600,64.45,64.75,64.32,64.63,1068
1345680000,64.52,64.53,64.08,64.16,600
1345766400,63.98,64.66,63.96,64.55,2323
1346025600,64.66,64.74,64.42,64.49,861
1346112000,64.36,64.64,64.3,64.46,381
1346198400,64.55,64.7,64.38,64.55,364
1346284800,64.27,64.27,63.94,64.05,346
1346371200,64.44,64.66,64.02,64.38,362
1346716800,64.35,64.54,63.93,64.32,656
1346803200,64.41,64.54,64.19,64.28,451
1346889600,64.7,65.58,64.68,65.58,589
1346976000,65.67,65.86,65.62,65.86,425
1347235200,65.83,65.91,65.49,65.5,483
1347321600,65.56,65.87,65.54,65.69,328
1347408000,65.92,65.98,65.7,65.85,423
1347494400,65.92,67.08,65.8,66.91,665
1347580800,67.01,67.61,66.98,67.21,1154
1347840000,67.14,67.14,66.79,66.9,531
1347926400,66.82,66.96,66.72,66.85,498
1348012800,66.93,67.14,66.81,66.94,375
1348099200,66.65,66.92,66.43,66.85,374
1348185600,67.26,67.28,66.86,66.89,882
1348444800,66.21,66.54,66.18,66.43,474
1348531200,66.56,66.67,65.69,65.69,407
1348617600,65.69,65.7,65.18,65.36,594
1348704000,65.61,66.13,65.44,65.99,1566
1348790400,65.75,65.93,65.44,65.67,388
1349049600,65.95,66.38,65.69,65.83,471
1349136000,66.11,66.2,65.63,65.9,444
1349222400,66.07,66.35,65.77,66.17,657
1349308800,66.4,66.7,66.32,66.67,224
1349395200,66.98,67.12,66.47,66.65,287
1349654400,66.43,66.53,66.29,66.41,339
1349740800,66.34,66.41,65.73,65.76,470
1349827200,65.73,65.8,65.25,65.36,537
1349913600,65.81,65.91,65.42,65.42,826
1350000000,65.46,65.64,65.07,65.23,325
1350259200,65.35,65.79,65.15,65.74,1101
1350345600,66.0,66.43,65.98,66.39,464
1350432000,66.47,66.75,66.39,66.69,390
1350518400,66.51,66.84,66.32,66.54,377
1350604800,66.42,66.42,65.29,65.45,797
1350864000,65.37,65.52,64.93,65.44,461
1350950400,64.72,64.8,64.25,64.56,1441
1351036800,64.77,64.86,64.27,64.38,852
1351123200,64.84,64.9,64.15,64.53,706
1351209600,64.45,64.71,64.06,64.46,762
1351641600,64.55,64.6,64.22,64.53,401
1351728000,65.13,65.29,65.07,65.24,298
1351814400,65.19,65.25,64.61,64.69,412
1352073600,64.58,64.91,64.37,64.81,540
1352160000,64.99,65.54,64.92,65.32,1048
1352246400,64.7,64.7,63.53,63.84,2289
1352332800,63.86,64.09,63.07,63.07,1289
1352419200,62.84,63.68,62.84,63.17,1050
1352678400,63.27,63.39,63.04,63.18,785
1352764800,62.81,63.55,62.75,62.93,803
1352851200,63.1,63.21,61.92,62.06,1421
1352937600,62.04,62.29,61.7,61.95,1160
1353024000,62.01,62.37,61.5,62.28,800
1353283200,62.91,63.51,62.91,63.51,494
1353369600,63.44,63.66,63.13,63.58,706
1353456000,63.65,63.75,63.51,63.74,690
1353628800,64.05,64.57,63.99,64.55,349
1353888000,64.28,64.43,64.03,64.41,1200
1353974400,64.39,64.59,64.08,64.14,980
1354060800,63.85,64.65,63.55,64.64,526
1354147200,64.91,65.1,64.63,64.97,1347
1354233600,64.99,65.09,64.77,64.94,1739
1354492800,65.29,65.31,64.61,64.66,1274
1354579200,64.68,64.82,64.39,64.53,1283
1354665600,64.59,64.96,64.16,64.69,1072
1354752000,64.6,64.92,64.55,64.91,617
1354838400,65.16,65.22,64.83,65.12,591
1355097600,65.0,65.28,64.99,65.17,433
1355184000,65.43,65.84,65.37,65.59,773
1355270400,65.81,66.07,65.53,65.6,793
1355356800,65.54,65.73,65.06,65.23,539
1355443200,65.08,65.19,64.86,64.95,605
1355702400,65.09,65.72,65.09,65.72,1414
1355788800,65.84,66.51,65.69,66.45,1053
1355875200,66.47,66.6,66.0,66.0,822
1355961600,66.0,66.34,65.89,66.34,838
1356048000,65.51,65.91,65.41,65.75,792
1356307200,65.21,65.21,65.04,65.17,394
1356480000,65.23,65.27,64.66,64.83,683
1356566400,64.85,64.98,64.02,64.73,737
1356652800,64.29,64.64,64.03,64.03,962
1356912000,63.95,65.18,63.84,65.18,2304
1357084800,66.47,66.82,66.23,66.82,1429
1357171200,66.78,67.02,66.54,66.73,1054
1357257600,66.82,67.12,66.71,67.04,704
1357516800,66.8,66.88,66.6,66.84,1269
1357603200,66.74,66.81,66.4,66.67,561
1357689600,66.82,67.02,66.75,66.88,584
1357776000,67.2,67.37,66.87,67.37,510
1357862400,67.34,67.4,67.15,67.38,689
1358121600,67.29,67.38,67.08,67.3,1428
1358208000,67.04,67.44,66.97,67.4,573
1358294400,67.25,67.48,67.2,67.38,590
1358380800,67.64,67.97,67.54,67.76,1216
1358467200,67.77,68.0,67.58,67.96,706
1358812800,67.96,68.31,67.82,68.31,806
1358899200,68.34,68.49,68.2,68.42,950
1358985600,68.39,68.8,68.29,68.45,1171
1359072000,68.74,68.88,68.52,68.86,1275
1359331200,68.93,68.93,68.56,68.77,837
1359417600,68.66,69.12,68.62,69.07,990
1359504000,69.08,69.14,68.73,68.8,947
1359590400,68.74,68.89,68.52,68.62,9741
1359676800,69.0,69.36,68.92,69.29,1001
1359936000,68.89,68.98,68.48,68.52,706
1360022400,68.82,69.4,68.82,69.23,905
1360108800,68.98,69.3,68.95,69.29,585
1360195200,69.37,69.37,68.7,69.18,682
1360281600,69.33,69.6,69.33,69.57,570
1360540800,69.58,69.6,69.4,69.52,916
1360627200,69.58,69.78,69.49,69.63,495
1360713600,69.8,69.91,69.51,69.7,845
1360800000,69.49,69.86,69.44,69.75,1059
1360886400,69.88,69.92,69.44,69.69,692
1361232000,69.83,70.22,69.78,70.2,832
1361318400,70.17,70.17,69.29,69.31,773
1361404800,69.13,69.13,68.64,68.88,1297
1361491200,69.18,69.51,69.05,69.51,621
1361750400,69.85,69.95,68.25,68.25,611
1361836800,68.61,68.76,68.1,68.67,631
1361923200,68.63,69.75,68.63,69.56,413
1362009600,69.56,70.0,69.5,69.5,519
1362096000,69.19,69.76,68.93,69.69,1408
1362355200,69.55,69.99,69.41,69.99,1102
1362441600,70.36,70.85,70.36,70.66,1795
1362528000,70.94,70.94,70.61,70.77,743
1362614400,70.9,71.0,70.79,70.93,421
1362700800,71.18,71.3,70.88,71.22,788
1362960000,71.16,71.49,71.14,71.48,353
1363046400,71.5,71.5,71.1,71.3,1398
1363132800,71.25,71.52,71.2,71.42,359
1363219200,71.65,71.83,71.62,71.82,536
1363305600,71.59,71.79,71.55,71.69,272
1363564800,71.35,71.59,71.23,71.32,601
1363651200,71.3,71.39,70.71,71.14,762
1363737600,71.56,71.75,71.46,71.62,571
1363824000,71.25,71.46,70.99,71.04,343
1363910400,71.11,71.25,71.05,71.25,268
1364169600,71.38,71.42,70.71,71.0,576
1364256000,71.4,71.55,71.24,71.54,508
1364342400,71.2,71.58,71.2,71.52,682
1364428800,71.65,71.86,71.59,71.74,394
1364774400,71.77,71.88,71.33,71.5,1091
1364860800,71.7,72.01,71.62,71.81,565
1364947200,71.89,71.9,70.9,71.08,527
1365033600,71.16,71.48,71.01,71.38,525
1365120000,70.45,71.13,70.39,71.07,725
1365379200,71.06,71.54,70.89,71.54,498
1365465600,71.68,72.03,71.45,71.74,595
1365552000,71.99,72.72,71.98,72.64,561
1365638400,72.62,73.09,72.62,72.93,617
1365724800,72.63,72.81,72.33,72.73,521
1365984000,72.39,72.42,71.06,71.06,642
1366070400,71.61,72.1,71.39,72.04,724
1366156800,71.59,71.59,70.66,71.03,618
1366243200,71.17,71.17,70.32,70.56,701
1366329600,70.72,71.25,70.63,71.23,384
1366588800,71.39,71.7,70.91,71.54,531
1366675200,71.83,72.33,71.55,72.28,1717
1366761600,72.26,72.52,72.2,72.34,498
1366848000,72.55,72.98,72.47,72.65,872
1366934400,72.56,72.66,72.29,72.51,576
1367193600,72.71,73.13,72.63,72.98,622
1367280000,73.0,73.2,72.69,73.18,491
1367366400,73.02,73.05,72.44,72.51,543
1367452800,72.67,73.27,72.63,73.22,461
1367539200,73.76,74.17,73.76,73.94,647
1367798400,74.0,74.21,73.95,74.12,397
1367884800,74.29,74.51,74.1,74.5,491
1367971200,74.43,74.85,74.38,74.85,360
1368057600,74.77,74.98,74.43,74.57,439
1368144000,74.67,74.89,74.46,74.89,235
1368403200,74.76,75.0,74.59,74.91,337
1368489600,74.92,75.73,74.92,75.67,595
1368576000,75.57,76.21,75.55,76.07,795
1368662400,75.93,76.17,75.63,75.72,769
1368748800,75.95,76.48,75.9,76.48,539
1369008000,76.39,76.72,76.29,76.43,590
1369094400,76.46,76.8,76.25,76.55,501
1369180800,76.59,77.35,75.6,75.86,881
1369267200,75.09,75.89,75.02,75.67,867
1369353600,75.3,75.63,75.03,75.6,598
1369699200,76.4,76.74,75.87,76.09,565
1369785600,75.74,75.81,75.18,75.57,810
1369872000,75.65,76.2,75.58,75.88,523
1369958400,75.67,76.03,74.78,74.78,702
1370217600,74.99,75.19,74.39,75.19,967
1370304000,75.22,75.46,74.44,74.77,746
1370390400,74.55,74.7,73.67,73.75,1199
1370476800,73.68,74.42,73.28,74.42,4801
1370563200,74.89,75.41,74.57,75.4,777
1370822400,75.62,75.62,75.19,75.33,706
1370908800,74.72,75.22,74.48,74.59,748
1370995200,75.04,75.1,73.89,73.98,969
1371081600,73.95,75.2,73.8,75.11,1042
1371168000,75.04,75.29,74.54,74.64,918
1371427200,75.1,75.56,74.83,75.2,708
1371513600,75.3,75.91,75.19,75.79,728
1371600000,75.83,75.88,74.76,74.76,969
1371686400,74.08,74.11,72.7,72.89,1542
1371772800,73.44,73.52,72.41,73.09,1120
1372032000,72.03,72.44,71.22,71.83,1296
1372118400,72.53,72.75,72.02,72.54,1469
1372204800,73.13,73.41,72.86,73.25,958
1372291200,73.7,74.03,73.68,73.74,1116
1372377600,73.56,73.88,73.18,73.33,1000
1372636800,73.79,74.39,73.77,73.85,665
1372723200,73.8,74.29,73.49,73.78,692
1372809600,73.51,74.05,73.35,73.88,370
1372982400,74.39,74.64,73.85,74.64,460
1373241600,75.0,75.25,74.9,75.05,653
1373328000,75.43,75.68,75.2,75.58,730
1373414400,75.5,75.84,75.38,75.62,655
1373500800,76.5,76.74,76.26,76.68,802
1373587200,76.6,76.88,76.53,76.83,615
1373846400,76.94,77.1,76.8,77.01,534
1373932800,77.07,77.07,76.5,76.7,592
1374019200,76.94,77.1,76.8,76.92,753
1374105600,77.04,77.49,77.02,77.35,1279
1374192000,77.18,77.47,77.09,77.47,574
1374451200,77.54,77.71,77.4,77.6,629
1374537600,77.8,77.8,77.42,77.51,1273
1374624000,77.8,77.8,77.05,77.2,389
1374710400,77.17,77.48,76.99,77.46,592
1374796800,77.13,77.52,76.81,77.52,504
1375056000,77.27,77.48,77.05,77.22,978
1375142400,77.47,77.56,77.13,77.31,470
1375228800,77.47,77.88,77.26,77.34,582
1375315200,77.91,78.35,77.91,78.31,423
1375401600,78.16,78.43,78.02,78.43,656
1375660800,78.27,78.43,78.19,78.33,406
1375747200,78.18,78.23,77.7,77.86,469
1375833600,77.59,77.7,77.33,77.59,442
1375920000,77.94,78.1,77.51,77.93,419
1376006400,77.79,78.05,77.45,77.68,489
1376265600,77.37,77.69,77.3,77.61,417
1376352000,77.69,77.91,77.25,77.77,278
1376438400,77.77,77.87,77.37,77.41,397
1376524800,76.59,76.72,76.18,76.32,823
1376611200,76.17,76.41,75.92,76.06,447
1376870400,75.92,76.18,75.61,75.61,357
1376956800,75.65,76.23,75.65,75.98,336
1377043200,75.79,76.16,75.4,75.53,455
1377129600,75.65,76.29,75.65,76.19,447
1377216000,76.43,76.57,76.08,76.49,459
1377475200,76.62,76.81,76.18,76.24,508
1377561600,75.41,75.69,74.94,75.0,591
1377648000,74.95,75.51,74.85,75.24,685
1377734400,75.13,75.79,75.13,75.43,304
1377820800,75.52,75.57,74.94,75.13,382
1378166400,75.83,76.06,75.17,75.45,703
1378252800,75.42,76.2,75.35,76.11,336
1378339200,76.17,76.38,76.1,76.19,339
1378425600,76.5,76.67,75.7,76.21,367
1378684800,76.51,77.06,76.51,77.01,367
1378771200,77.51,77.61,77.29,77.61,1291
1378857600,77.52,77.83,77.37,77.83,284
1378944000,77.9,77.91,77.55,77.59,431
1379030400,77.7,77.86,77.55,77.8,394
1379289600,78.62,78.62,78.13,78.23,485
1379376000,78.22,78.62,78.22,78.62,302
1379462400,78.48,79.66,78.38,79.53,503
1379548800,79.7,79.79,79.35,79.41,515
1379635200,79.54,79.57,78.83,78.84,376
1379894400,78.41,78.41,77.88,78.12,373
1379980800,77.93,78.41,77.82,77.97,561
1380067200,78.06,78.14,77.73,77.76,833
1380153600,77.85,78.3,77.79,78.08,408
1380240000,77.56,77.83,77.53,77.74,420
1380499200,77.08,77.57,76.97,77.34,1698
1380585600,77.35,78.03,77.35,77.96,498
1380672000,77.43,77.91,77.32,77.89,393
1380758400,77.73,77.74,76.81,77.21,752
1380844800,77.18,77.81,77.14,77.75,359
1381104000,77.1,77.53,77.02,77.11,423
1381190400,77.02,77.13,76.1,76.13,687
1381276800,76.3,76.43,75.67,76.15,666
1381363200,76.97,77.82,76.97,77.81,505
1381449600,77.7,78.35,77.62,78.32,436
1381708800,77.8,78.68,77.77,78.64,377
1381795200,78.47,78.7,77.96,78.1,575
1381881600,78.53,79.2,78.53,79.16,702
1381968000,78.94,79.75,78.88,79.74,399
1382054400,80.0,80.33,79.87,80.26,528
1382313600,80.32,80.47,80.1,80.23,453
1382400000,80.43,80.92,80.37,80.73,447
1382486400,80.3,80.41,80.08,80.32,360
1382572800,80.48,80.67,80.32,80.57,392
1382659200,80.81,80.91,80.59,80.89,351
1382918400,80.94,81.11,80.77,80.97,595
1383004800,81.2,81.44,81.09,81.44,327
1383091200,81.41,81.48,80.78,81.0,401
1383177600,80.76,81.27,80.73,80.77,287
1383264000,80.89,81.04,80.53,80.96,163
1383523200,81.11,81.27,80.94,81.24,316
1383609600,80.99,81.19,80.71,80.97,509
1383696000,81.25,81.49,81.09,81.34,698
1383782400,81.53,81.54,80.21,80.25,620
1383868800,80.36,81.33,80.27,81.33,1382
1384128000,81.3,81.44,81.19,81.36,373
1384214400,81.19,81.37,80.93,81.19,390
1384300800,80.86,81.89,80.86,81.89,570
1384387200,81.99,82.34,81.82,82.3,408
1384473600,82.38,82.66,82.33,82.66,297
1384732800,82.86,82.86,82.11,82.26,482
1384819200,82.25,82.47,81.96,82.09,588
1384905600,82.2,82.48,81.6,81.81,380
1384992000,82.03,82.56,82.03,82.5,360
1385078400,82.6,82.9,82.48,82.88,1378
1385337600,83.08,83.08,82.72,82.82,527
1385424000,82.91,83.11,82.75,82.87,388
1385510400,82.99,83.11,82.86,83.07,283
1385683200,83.2,83.37,82.95,83.04,1313
1385942400,83.04,83.22,82.71,82.71,323
1386028800,82.55,82.74,82.25,82.52,348
1386115200,82.13,82.78,81.82,82.49,577
1386201600,82.3,82.45,82.08,82.16,265
1386288000,82.88,83.09,82.71,82.99,945
1386547200,83.31,83.34,83.07,83.18,604
1386633600,83.05,83.23,82.92,82.97,328
1386720000,82.94,82.96,81.91,81.99,385
1386806400,81.93,82.09,81.61,81.78,409
1386892800,81.92,82.05,81.65,81.81,516
1387152000,82.25,82.58,82.19,82.32,331
1387238400,82.46,82.46,81.87,82.1,358
1387324800,82.1,83.5,81.42,83.5,1959
1387411200,83.13,83.41,82.99,83.36,1869
1387497600,83.36,84.01,83.36,83.85,353
1387756800,84.16,84.34,84.13,84.28,533
1387843200,83.8,84.08,83.8,84.05,426
1388016000,84.26,84.5,84.23,84.45,590
1388102400,84.48,84.58,84.38,84.42,561
1388361600,84.43,84.49,84.31,84.41,425
1388448000,84.55,84.83,84.52,84.8,513
1388620800,84.55,84.55,83.87,84.02,867
1388707200,84.17,84.29,83.9,83.99,585
1388966400,84.3,84.36,83.64,83.77,753
1389052800,84.11,84.44,84.11,84.34,724
1389139200,84.34,84.43,84.04,84.32,751
1389225600,84.61,84.62,84.01,84.38,598
1389312000,84.47,84.63,84.11,84.55,421
1389571200,84.36,84.61,83.33,83.5,602
1389657600,83.75,84.47,83.61,84.43,587
1389744000,84.63,84.98,84.61,84.87,611
1389830400,84.78,84.79,84.5,84.79,599
1389916800,84.65,84.8,84.29,84.44,466
1390262400,85.0,85.0,84.18,84.69,737
1390348800,84.85,84.87,84.56,84.81,432
1390435200,84.4,84.4,83.62,84.05,613
1390521600,83.6,83.6,82.27,82.27,1207
1390780800,82.4,82.52,81.43,81.84,906
1390867200,81.97,82.43,81.91,82.36,421
1390953600,81.74,82.11,81.38,81.56,875
1391040000,82.15,82.69,82.06,82.49,418
1391126400,81.51,82.47,81.42,81.95,713
1391385600,81.96,82.04,79.98,80.06,1025
1391472000,80.5,80.86,80.21,80.72,666
1391558400,80.4,80.75,79.87,80.58,509
1391644800,80.82,81.63,80.82,81.61,863
1391731200,82.1,82.73,81.79,82.67,661
1391990400,82.73,82.83,82.46,82.83,362
1392076800,82.84,83.89,82.79,83.69,504
1392163200,83.89,84.09,83.63,83.76,649
1392249600,83.28,84.32,83.11,84.3,607
1392336000,84.29,84.83,84.1,84.69,435
1392681600,84.8,84.94,84.59,84.83,395
1392768000,84.61,85.13,84.21,84.28,705
1392854400,84.45,84.97,84.11,84.84,368
1392940800,84.99,85.14,84.67,84.71,334
1393200000,84.84,85.75,84.84,85.26,409
1393286400,85.32,85.49,84.93,85.11,860
1393372800,85.26,85.52,84.96,85.18,359
1393459200,85.03,85.61,85.0,85.57,540
1393545600,85.66,86.21,85.25,85.79,760
1393804800,85.0,85.38,84.65,85.19,793
1393891200,86.04,86.57,86.04,86.47,460
1393977600,86.54,86.6,86.35,86.48,460
1394064000,86.73,86.88,86.54,86.66,986
1394150400,87.04,87.04,86.33,86.68,1154
1394409600,86.31,86.64,86.15,86.62,398
1394496000,86.71,86.87,85.98,86.18,522
1394582400,85.9,86.22,85.82,86.22,488
1394668800,86.34,86.34,85.03,85.22,1345
1394755200,85.36,85.45,84.94,85.0,951
1395014400,85.81,85.91,85.57,85.75,485
1395100800,86.39,86.5,86.2,86.44,306
1395187200,86.46,86.5,85.43,85.89,310
1395273600,86.15,86.46,85.96,86.41,248
1395360000,86.65,86.91,86.0,86.11,435
1395619200,85.7,85.89,85.32,85.7,415
1395705600,85.76,85.78,85.21,85.67,375
1395792000,85.85,85.95,85.06,85.06,435
1395878400,85.16,85.18,84.62,84.9,466
1395964800,85.57,85.7,85.07,85.27,326
1396224000,85.86,86.12,85.76,86.02,498
1396310400,86.22,86.64,86.22,86.63,343
1396396800,86.75,86.99,86.6,86.9,401
1396483200,87.0,87.01,86.46,86.73,306
1396569600,87.25,87.25,85.51,85.66,446
1396828800,85.47,85.57,84.48,84.69,1017
1396915200,84.65,85.15,84.36,85.04,785
1397001600,85.29,86.0,85.08,85.99,530
1397088000,85.98,86.0,84.07,84.16,742
1397174400,83.71,84.21,83.29,83.36,799
1397433600,84.03,84.18,83.32,84.01,379
1397520000,84.15,84.59,83.3,84.58,504
1397606400,85.34,85.47,84.81,85.47,1775
1397692800,85.33,85.82,85.25,85.6,328
1398038400,85.66,85.93,85.55,85.92,293
1398124800,86.01,86.58,86.01,86.34,293
1398211200,86.3,86.35,86.09,86.14,352
1398297600,86.59,86.79,85.88,86.24,392
1398384000,86.04,86.04,85.37,85.51,622
1398643200,85.84,86.13,84.85,85.73,1321
1398729600,85.97,86.29,85.84,86.18,565
1398816000,86.14,86.51,85.92,86.46,568
1398902400,86.52,86.72,86.24,86.49,254
1398988800,86.56,86.84,86.27,86.41,473
1399248000,85.95,86.6,85.73,86.59,314
1399334400,86.4,86.44,85.79,85.79,267
1399420800,86.1,86.31,85.45,86.3,331
1399507200,86.19,86.82,85.9,86.13,505
1399593600,86.17,86.31,85.78,86.29,283
1399852800,86.68,87.19,86.68,87.17,383
1399939200,87.16,87.46,87.15,87.2,283
1400025600,87.2,87.23,86.7,86.82,376
1400112000,86.64,86.64,85.62,86.01,578
1400198400,86.08,86.35,85.74,86.35,357
1400457600,86.18,86.74,86.11,86.7,272
1400544000,86.66,86.66,85.91,86.14,546
1400630400,86.39,86.85,86.39,86.85,334
1400716800,86.9,87.26,86.76,87.09,464
1400803200,87.16,87.49,87.13,87.47,279
1401148800,87.79,88.0,87.73,87.97,377
1401235200,88.0,88.1,87.77,87.93,1209
1401321600,88.05,88.37,87.89,88.37,292
1401408000,88.33,88.53,88.21,88.5,332
1401667200,88.64,88.64,88.16,88.6,318
1401753600,88.44,88.62,88.28,88.58,314
1401840000,88.4,88.81,88.32,88.76,248
1401926400,89.0,89.43,88.57,89.32,472
1402012800,89.48,89.77,89.48,89.74,380
1402272000,89.8,90.08,89.69,89.83,481
1402358400,89.64,89.83,89.59,89.8,282
1402444800,89.49,89.64,89.36,89.5,297
1402531200,89.39,89.49,88.72,88.9,417
1402617600,89.03,89.25,88.79,89.16,306
1402876800,89.09,89.43,88.98,89.28,383
1402963200,89.18,89.57,89.04,89.49,314
1403049600,89.58,90.21,89.39,90.19,560
1403136000,90.29,90.33,89.96,90.28,405
1403222400,90.54,90.54,90.36,90.45,605
1403481600,90.45,90.52,90.26,90.44,301
1403568000,89.89,90.33,89.39,89.48,429
1403654400,89.25,89.96,89.24,89.88,2007
1403740800,89.93,89.93,89.25,89.83,518
1403827200,89.63,90.03,89.62,90.01,267
1404086400,89.98,90.17,89.92,90.02,401
1404172800,90.21,90.87,90.21,90.64,473
1404259200,90.64,90.8,90.58,90.67,638
1404345600,90.96,91.14,90.86,91.12,178
1404691200,90.99,90.99,90.61,90.73,272
1404777600,90.58,90.6,89.89,90.14,311
1404864000,90.33,90.6,90.17,90.52,279
1404950400,89.67,90.39,89.56,90.16,277
1405036800,90.17,90.32,89.96,90.3,208
1405296000,90.75,90.89,90.69,90.74,190
1405382400,90.83,90.97,90.17,90.55,309
1405468800,91.01,91.03,90.64,90.93,378
1405555200,90.64,90.94,89.74,89.86,488
1405641600,90.15,90.87,90.12,90.76,334
1405900800,90.51,90.68,90.22,90.58,259
1405987200,90.88,91.19,90.88,91.04,326
1406073600,91.24,91.31,91.03,91.26,276
1406160000,91.38,91.43,91.2,91.28,236
1406246400,91.0,91.07,90.67,90.83,476
1406505600,90.81,90.99,90.33,90.86,396
1406592000,91.0,91.14,90.49,90.55,424
1406678400,90.81,90.95,90.17,90.53,412
1406764800,89.87,89.93,88.75,88.78,532
1406851200,88.32,89.03,88.08,88.48,733
1407110400,88.63,89.29,88.29,89.15,391
1407196800,88.77,88.98,87.95,88.26,707
1407283200,87.83,88.64,87.78,88.28,450
1407369600,88.71,88.71,87.61,87.83,396
1407456000,87.96,88.84,87.81,88.82,391
1407715200,89.15,89.46,89.04,89.07,343
1407801600,89.05,89.23,88.67,88.94,590
1407888000,89.24,89.67,89.16,89.58,1282
1407974400,89.72,89.98,89.67,89.98,407
1408060800,90.36,90.39,89.39,89.99,676
1408320000,90.46,90.77,90.46,90.73,626
1408406400,91.0,91.28,90.9,91.22,410
1408492800,91.08,91.54,91.07,91.43,260
1408579200,91.48,91.8,91.48,91.73,265
1408665600,91.64,91.77,91.38,91.57,321
1408924800,92.02,92.2,91.93,92.04,550
1409011200,92.1,92.34,92.1,92.14,329
1409097600,92.18,92.21,91.98,92.14,294
1409184000,91.8,92.08,91.72,92.03,271
1409270400,92.16,92.32,91.92,92.32,216
1409616000,92.46,92.46,91.95,92.3,291
1409702400,92.7,92.7,92.1,92.24,401
1409788800,92.39,92.69,91.84,92.04,280
1409875200,91.97,92.51,91.7,92.51,201
1410134400,92.48,92.58,92.01,92.27,275
1410220800,92.16,92.21,91.5,91.68,302
1410307200,91.74,92.06,91.42,92.0,669
1410393600,91.65,92.13,91.6,92.13,241
1410480000,92.08,92.08,91.33,91.58,323
1410739200,91.6,91.63,91.21,91.39,239
1410825600,91.21,92.26,91.21,92.14,307
1410912000,92.28,92.66,91.85,92.25,448
1410998400,92.55,92.74,92.43,92.68,221
1411084800,92.98,93.19,92.48,92.63,249
1411344000,92.42,92.54,91.69,91.85,288
1411430400,91.51,91.91,91.33,91.33,412
1411516800,90.93,91.67,90.7,91.61,237
1411603200,91.39,91.47,90.18,90.18,899
1411689600,90.3,91.08,90.21,90.93,398
1411948800,90.17,90.86,90.0,90.7,556
1412035200,90.84,91.01,90.28,90.48,394
1412121600,90.34,90.34,89.04,89.23,972
1412208000,89.16,89.52,88.28,89.24,646
1412294400,89.7,90.37,89.57,90.25,635
1412553600,90.64,90.74,89.83,90.12,724
1412640000,89.73,89.85,88.77,88.77,612
1412726400,88.75,90.33,88.29,90.24,460
1412812800,90.09,90.17,88.37,88.44,1253
1412899200,88.35,88.76,87.37,87.37,1191
1413158400,87.3,87.61,85.84,85.91,740
1413244800,86.32,87.03,85.77,86.05,1228
1413331200,84.9,85.72,83.42,85.44,1993
1413417600,84.01,86.08,84.01,85.45,2090
1413504000,86.5,87.13,86.18,86.56,893
1413763200,86.41,87.41,86.31,87.39,511
1413849600,87.95,89.19,87.94,89.11,626
1413936000,89.27,89.49,88.45,88.46,850
1414022400,89.35,90.06,89.21,89.53,925
1414108800,89.73,90.23,89.37,90.2,737
1414368000,89.85,90.18,89.76,90.03,482
1414454400,90.46,91.1,90.42,91.1,381
1414540800,91.17,91.25,90.36,90.96,605
1414627200,90.96,91.73,90.85,91.57,357
1414713600,92.47,92.64,92.31,92.59,326
1414972800,92.76,92.95,92.45,92.61,511
1415059200,92.36,92.54,91.85,92.33,614
1415145600,93.0,93.0,92.46,92.84,900
1415232000,92.84,93.27,92.57,93.24,536
1415318400,93.21,93.4,93.01,93.3,381
1415577600,93.29,93.63,93.23,93.58,343
1415664000,93.68,93.75,93.49,93.67,336
1415750400,93.38,93.73,93.35,93.65,316
1415836800,93.77,94.02,93.3,93.68,669
1415923200,93.73,93.85,93.51,93.73,438
1416182400,93.53,93.87,93.48,93.78,326
1416268800,93.78,94.5,93.78,94.33,548
1416355200,94.23,94.32,93.78,94.14,359
1416441600,93.8,94.41,93.8,94.34,305
1416528000,95.33,95.33,94.58,94.84,422
1416787200,95.05,95.19,95.0,95.18,678
1416873600,95.31,95.39,94.95,95.1,261
1416960000,95.17,95.38,95.06,95.36,191
1417132800,95.31,95.42,95.02,95.14,101
1417392000,94.73,94.79,94.23,94.45,376
1417478400,94.39,95.11,94.39,94.94,276
1417564800,95.11,95.49,95.03,95.44,313
1417651200,95.27,95.54,94.88,95.29,336
1417737600,95.36,95.65,95.25,95.44,297
1417996800,95.22,95.5,94.49,94.8,524
1418083200,93.73,94.77,93.63,94.74,378
1418169600,94.43,94.48,93.12,93.23,548
1418256000,93.57,94.57,93.47,93.64,424
1418342400,92.99,93.43,92.17,92.17,567
1418601600,92.69,92.88,91.2,91.53,1178
1418688000,91.07,92.78,90.81,90.81,715
1418774400,91.09,92.8,91.01,92.63,796
1418860800,94.01,94.85,93.62,94.84,591
1418947200,95.24,95.62,94.88,95.31,693
1419206400,94.93,95.21,94.78,95.21,710
1419292800,95.51,95.57,95.24,95.4,503
1419379200,95.45,95.62,95.37,95.37,290
1419552000,95.62,95.88,95.61,95.7,669
1419811200,95.63,95.93,95.6,95.77,342
1419897600,95.49,95.66,95.29,95.33,286
1419984000,95.43,95.56,94.35,94.4,337
1420156800,94.8,95.01,93.79,94.34,986
1420416000,93.74,93.97,92.48,92.68,689
1420502400,92.85,93.07,91.34,91.79,1141
1420588800,92.51,93.06,92.32,92.83,760
1420675200,93.66,94.64,93.66,94.58,418
1420761600,94.73,94.73,93.49,93.77,505
1421020800,93.94,93.94,92.73,93.03,752
1421107200,93.72,94.35,92.21,92.82,630
1421193600,91.71,92.34,91.23,92.25,581
1421280000,92.58,92.69,91.37,91.46,511
1421366400,91.26,92.69,91.24,92.65,463
1421712000,92.97,93.1,91.97,92.8,624
1421798400,92.54,93.48,92.3,93.29,673
1421884800,93.86,94.76,93.0,94.69,797
1421971200,94.54,94.69,94.14,94.18,863
1422230400,94.15,94.51,93.75,94.49,626
1422316800,93.37,93.89,92.82,93.29,716
1422403200,93.95,93.99,91.98,92.02,895
1422489600,92.25,93.02,91.42,92.86,548
1422576000,92.35,92.95,91.6,91.6,778
1422835200,92.02,92.84,91.0,92.8,667
1422921600,93.34,94.19,93.15,94.15,634
1423008000,93.75,94.41,93.61,93.79,695
1423094400,94.13,94.85,94.13,94.78,439
1423180800,95.01,95.3,94.29,94.54,517
1423440000,94.27,94.57,93.94,94.12,472
1423526400,94.66,95.23,94.25,95.15,361
1423612800,95.05,95.39,94.71,95.15,416
1423699200,95.68,96.11,95.54,96.07,566
1423785600,96.16,96.51,96.03,96.5,478
1424131200,96.42,96.74,96.21,96.61,597
1424217600,96.55,96.71,96.34,96.68,431
1424304000,96.41,96.79,96.23,96.63,510
1424390400,96.45,97.23,96.11,97.21,655
1424649600,97.11,97.17,96.88,97.15,376
1424736000,97.24,97.55,97.02,97.46,458
1424822400,97.36,97.66,97.21,97.38,850
1424908800,97.32,97.4,96.95,97.26,456
1424995200,97.24,97.32,96.88,96.92,1527
1425254400,96.99,97.55,96.93,97.51,714
1425340800,97.31,97.48,96.71,97.15,357
1425427200,96.88,96.9,96.23,96.71,400
1425513600,96.94,97.0,96.6,96.89,342
1425600000,96.54,96.61,95.33,95.49,591
1425859200,95.66,96.05,95.66,95.91,351
1425945600,94.78,95.06,94.31,94.34,646
1426032000,94.47,94.52,94.12,94.17,388
1426118400,94.95,95.38,94.86,95.36,307
1426204800,94.8,94.92,94.25,94.81,413
1426464000,95.61,96.06,95.56,96.01,465
1426550400,95.68,95.96,95.34,95.77,466
1426636800,95.55,97.29,95.2,96.95,1104
1426723200,96.71,96.71,96.31,96.52,437
1426809600,97.25,97.62,97.21,97.33,359
1427068800,97.56,97.59,97.19,97.19,493
1427155200,97.15,97.3,96.58,96.58,354
1427241600,96.1,96.17,94.76,94.79,740
1427328000,94.25,95.0,94.23,94.54,535
1427414400,94.57,94.89,94.57,94.81,389
1427673600,95.43,96.1,95.42,95.96,495
1427760000,95.57,97.24,95.1,95.16,706
1427846400,95.11,95.11,94.26,94.77,1598
1427932800,94.62,95.34,94.62,95.2,769
1428278400,94.73,96.03,94.6,95.76,636
1428364800,95.83,96.16,95.54,95.54,580
1428451200,95.66,96.03,95.45,95.82,422
1428537600,95.84,96.36,95.54,96.28,594
1428624000,96.48,96.8,96.34,96.74,328
1428883200,96.85,97.02,96.34,96.37,563
1428969600,96.24,96.57,95.9,96.49,718
1429056000,96.79,97.2,96.79,96.97,417
1429142400,96.83,97.18,96.67,96.92,817
1429228800,96.3,96.39,95.39,95.82,908
1429488000,96.33,96.85,96.27,96.65,460
1429574400,97.06,97.1,96.44,96.56,511
1429660800,96.74,97.14,96.28,97.06,539
1429747200,96.84,97.57,96.83,97.3,492
1429833600,97.55,97.6,97.26,97.46,407
1430092800,97.74,97.84,96.97,97.05,427
1430179200,97.09,97.33,96.44,97.27,1113
1430265600,96.85,97.21,96.47,96.89,397
1430352000,96.64,96.81,95.57,95.94,1601
1430438400,96.31,96.93,96.3,96.92,528
1430697600,97.14,97.52,97.13,97.22,604
1430784000,97.04,97.26,96.02,96.07,665
1430870400,96.48,96.54,95.16,95.72,796
1430956800,95.66,96.32,95.53,96.1,434
1431043200,96.97,97.46,96.97,97.36,396
1431302400,97.29,97.44,96.88,96.92,316
1431388800,96.39,96.86,96.0,96.61,405
1431475200,96.86,97.13,96.5,96.62,310
1431561600,97.11,97.65,97.01,97.65,410
1431648000,97.71,97.79,97.47,97.73,358
1431907200,97.66,98.16,97.62,98.05,296
1431993600,98.11,98.24,97.86,97.99,416
1432080000,98.12,98.32,97.76,97.93,540
1432166400,97.93,98.31,97.79,98.16,387
1432252800,98.06,98.24,97.96,98.01,570
1432598400,97.77,97.8,96.74,97.01,433
1432684800,97.25,97.98,97.09,97.88,430
1432771200,97.74,97.81,97.43,97.76,450
1432857600,97.67,97.67,97.04,97.16,296
1433116800,97.45,97.7,96.94,97.32,580
1433203200,97.16,97.62,96.79,97.26,567
1433289600,97.6,97.84,97.3,97.51,406
1433376000,97.11,97.45,96.56,96.71,682
1433462400,96.69,96.94,96.2,96.57,564
1433721600,96.51,96.56,95.94,95.94,528
1433808000,95.94,96.23,95.6,95.96,322
1433894400,96.37,97.26,96.36,97.1,498
1433980800,97.31,97.58,97.22,97.31,332
1434067200,96.95,97.08,96.56,96.68,492
1434326400,96.06,96.36,95.73,96.26,566
1434412800,96.25,96.81,96.13,96.78,349
1434499200,96.94,97.25,96.45,96.96,577
1434585600,97.18,98.17,97.18,97.92,557
1434672000,97.77,97.85,97.39,97.39,526
1434931200,98.09,98.32,97.91,98.01,481
1435017600,98.14,98.24,97.88,98.11,404
1435104000,97.88,98.14,97.36,97.37,352
1435190400,97.67,97.69,97.03,97.1,369
1435276800,96.68,96.9,96.31,96.62,564
1435536000,95.75,96.07,94.52,94.58,764
1435622400,95.37,95.38,94.58,94.83,641
1435708800,95.74,95.77,95.13,95.51,551
1435795200,95.83,95.88,95.24,95.47,1067
1436140800,94.76,95.6,94.61,95.09,804
1436227200,95.27,95.8,94.0,95.72,1815
1436313600,95.04,95.2,94.02,94.14,771
1436400000,95.09,95.47,94.32,94.35,751
1436486400,95.3,95.71,95.06,95.52,567
1436745600,96.18,96.6,96.18,96.57,483
1436832000,96.56,97.16,96.54,97.02,449
1436918400,97.06,97.25,96.7,96.93,575
1437004800,97.44,97.67,97.38,97.67,489
1437091200,97.79,97.79,97.45,97.76,297
1437350400,97.84,98.06,97.66,97.83,441
1437436800,97.68,97.88,97.26,97.4,685
1437523200,96.87,97.37,96.87,97.19,553
1437609600,97.37,97.37,96.51,96.67,661
1437696000,96.83,96.83,95.53,95.66,496
1437955200,95.14,95.44,94.86,95.07,865
1438041600,95.57,96.36,95.13,96.24,518
1438128000,96.33,97.04,96.31,96.92,604
1438214400,96.7,97.07,96.34,96.97,502
1438300800,97.18,97.26,96.7,96.81,382
1438560000,96.84,96.84,96.03,96.48,487
1438646400,96.5,96.7,96.06,96.29,1160
1438732800,96.82,97.23,96.52,96.65,483
1438819200,96.69,96.83,95.51,95.88,1980
1438905600,95.77,95.83,95.16,95.6,487
1439164800,96.19,96.9,96.17,96.82,418
1439251200,96.11,96.33,95.59,95.98,472
1439337600,95.26,96.17,94.47,96.05,495
1439424000,96.08,96.36,95.72,95.96,329
1439510400,95.83,96.35,95.83,96.31,260
1439769600,96.05,96.88,95.77,96.88,446
1439856000,96.65,96.92,96.49,96.63,321
1439942400,96.24,96.54,95.39,95.86,511
1440028800,95.1,95.24,93.76,93.77,756
1440115200,92.84,93.3,90.86,90.86,2470
1440374400,87.12,90.01,58.5,87.31,4361
1440460800,88.55,90.19,86.19,86.19,3307
1440547200,87.06,89.53,86.65,89.45,3669
1440633600,90.34,91.71,89.79,91.61,3390
1440720000,91.29,91.94,91.12,91.69,1543
1440979200,91.24,91.6,90.7,90.93,3606
1441065600,89.6,89.63,87.8,88.3,1969
1441152000,89.23,89.91,88.56,89.91,1414
1441238400,90.21,91.08,89.76,89.99,1290
1441324800,89.1,89.2,88.22,88.66,1120
1441670400,90.08,90.92,89.81,90.88,1153
1441756800,91.77,91.77,89.46,89.69,1408
1441843200,89.66,90.69,89.44,90.07,1378
1441929600,89.81,90.52,89.53,90.52,706
1442188800,90.58,90.62,89.95,90.16,818
1442275200,90.44,91.55,90.26,91.3,925
1442361600,91.43,92.2,91.31,92.1,833
1442448000,92.04,93.31,91.74,91.93,1716
1442534400,90.67,91.38,90.24,90.44,834
1442793600,90.86,91.46,90.32,90.86,1822
1442880000,89.74,89.89,89.08,89.73,1293
1442966400,89.85,90.0,89.21,89.54,925
1443052800,88.81,89.41,88.12,89.27,1823
1443139200,89.6,89.64,88.19,88.7,1880
1443398400,88.19,88.19,86.21,86.32,2343
1443484800,86.54,87.16,85.87,86.38,2389
1443571200,87.37,88.12,87.04,88.02,1530
1443657600,88.26,88.42,87.19,88.22,1576
1443744000,87.23,89.44,86.9,89.43,1715
1444003200,90.17,91.26,90.17,91.13,777
1444089600,91.1,91.34,90.43,90.81,614
1444176000,91.29,91.74,90.74,91.56,636
1444262400,91.35,92.5,91.22,92.39,809
1444348800,92.53,92.64,92.11,92.48,499
1444608000,92.47,92.58,92.22,92.49,341
1444694400,92.02,92.8,91.83,91.89,601
1444780800,91.9,92.19,91.34,91.43,352
1444867200,91.76,92.87,91.65,92.85,537
1444953600,93.13,93.28,92.68,93.28,319
1445212800,92.93,93.35,92.78,93.3,399
1445299200,93.14,93.52,92.97,93.16,594
1445385600,93.42,93.43,92.51,92.61,464
1445472000,93.1,94.23,93.04,94.09,510
1445558400,95.08,95.3,94.59,95.12,529
1445817600,94.87,95.05,94.77,94.92,216
1445904000,94.52,94.88,94.34,94.66,265
1445990400,95.1,95.82,94.6,95.82,580
1446076800,95.61,95.9,95.48,95.75,218
1446163200,95.6,96.0,95.33,95.34,346
1446422400,95.52,96.59,95.5,96.45,527
1446508800,96.27,97.04,96.18,96.74,1055
1446595200,96.93,96.97,96.21,96.46,568
1446681600,96.46,96.73,95.89,96.34,488
1446768000,96.42,96.42,95.63,96.26,440
1447027200,96.02,96.07,94.95,95.42,432
1447113600,95.1,95.64,95.0,95.44,370
1447200000,95.76,95.76,95.2,95.2,340
1447286400,94.69,94.93,93.91,93.91,500
1447372800,93.69,93.81,92.84,92.9,939
1447632000,92.73,94.26,92.73,94.26,495
1447718400,94.48,94.89,93.95,94.17,491
1447804800,94.47,95.76,94.45,95.68,514
1447891200,95.6,95.85,95.46,95.61,837
1447977600,96.07,96.3,95.77,95.94,389
1448236800,96.07,96.24,95.62,95.84,543
1448323200,95.33,96.2,95.12,95.99,385
1448409600,96.08,96.17,95.87,96.0,430
1448582400,96.02,96.18,95.79,96.08,204
1448841600,96.2,96.2,95.66,95.66,713
1448928000,95.97,96.67,95.92,96.62,942
1449014400,96.53,96.72,95.49,95.62,780
1449100800,95.82,95.93,93.87,94.23,1359
1449187200,94.36,96.21,94.36,96.08,1179
1449446400,95.8,95.89,94.94,95.42,811
1449532800,94.55,95.29,94.3,94.89,686
1449619200,94.54,95.54,93.59,94.07,1361
1449705600,94.14,95.0,93.98,94.34,726
1449792000,93.25,93.5,92.32,92.48,1298
1450051200,92.5,92.92,91.6,92.92,1291
1450137600,93.67,94.35,93.67,93.91,871
1450224000,94.45,95.43,94.03,95.26,1152
1450310400,94.95,94.95,93.34,93.34,1857
1450396800,93.19,93.19,91.7,91.7,1529
1450656000,92.34,92.5,91.75,92.45,917
1450742400,92.86,93.43,92.43,93.25,1372
1450828800,93.84,94.44,93.78,94.42,879
1450915200,94.31,94.58,94.18,94.33,456
1451260800,93.95,94.09,93.52,94.09,449
1451347200,94.61,95.21,94.61,95.06,877
1451433600,94.87,94.91,94.32,94.39,752
1451520000,94.03,94.39,93.48,93.48,975
1451865600,91.97,92.14,91.07,92.14,2186
1451952000,92.3,92.54,91.72,92.31,838
1452038400,91.04,91.67,90.58,91.12,1326
1452124800,89.53,90.44,88.73,88.91,2095
1452211200,89.51,89.74,87.78,87.92,1691
1452470400,88.37,88.59,86.95,87.96,2576
1452556800,88.79,89.08,87.54,88.65,1537
1452643200,89.05,89.19,86.29,86.43,1698
1452729600,86.86,88.38,85.85,87.79,3067
1452816000,85.44,86.31,84.85,85.93,2208
1453161600,86.88,86.94,85.17,85.95,3093
1453248000,84.54,85.7,82.76,84.97,2907
1453334400,85.22,86.32,84.43,85.34,3971
1453420800,86.82,87.2,86.38,87.11,1707
1453680000,86.88,87.03,85.68,85.75,1294
1453766400,86.1,87.06,85.99,86.96,1359
1453852800,86.67,87.58,85.51,86.02,3268
1453939200,86.94,86.94,85.59,86.4,2248
1454025600,86.81,88.5,86.72,88.48,2115
1454284800,88.0,88.91,87.65,88.51,1635
1454371200,87.74,87.76,86.66,86.89,1780
1454457600,87.4,87.62,85.44,87.33,3543
1454544000,87.08,88.06,86.8,87.48,1829
1454630400,87.19,87.24,85.5,85.79,2249
1454889600,84.76,84.86,83.38,84.53,3932
1454976000,83.54,85.19,83.5,84.46,3195
1455062400,84.99,85.87,84.44,84.5,3041
1455148800,83.15,83.9,82.59,83.45,3442
1455235200,84.28,85.13,83.9,85.11,1693
1455580800,86.13,86.59,85.61,86.57,1963
1455667200,87.23,88.22,87.19,88.03,1391
1455753600,88.19,88.19,87.54,87.65,1183
1455840000,87.2,87.68,86.9,87.67,948
1456099200,88.47,88.99,88.47,88.91,685
1456185600,88.61,88.97,87.77,87.8,688
1456272000,87.06,88.32,86.42,88.21,1057
1456358400,88.49,89.28,88.09,89.28,503
1456444800,89.76,89.78,89.04,89.14,758
1456704000,89.07,89.61,88.39,88.39,1051
1456790400,89.09,90.53,88.82,90.53,1016
1456876800,90.34,90.95,90.14,90.94,1016
1456963200,90.85,91.31,90.53,91.29,862
1457049600,91.38,92.02,91.0,91.57,983
1457308800,91.07,91.87,91.01,91.66,1034
1457395200,91.13,91.32,90.54,90.64,962
1457481600,91.08,91.23,90.65,91.09,820
1457568000,91.4,91.82,90.18,91.11,1179
1457654400,91.92,92.66,91.87,92.62,961
1457913600,92.4,92.75,92.29,92.52,620
1458000000,91.68,91.87,91.5,91.87,645
1458086400,91.91,92.61,91.6,92.42,1100
1458172800,92.41,93.25,92.36,93.03,589
1458259200,93.34,93.55,93.13,93.41,714
1458518400,93.23,93.64,93.14,93.53,459
1458604800,93.4,93.79,93.36,93.5,960
1458691200,93.22,93.33,92.78,92.86,681
1458777600,92.3,92.83,92.29,92.8,482
1459123200,93.02,93.13,92.61,92.89,629
1459209600,92.7,93.76,92.51,93.75,624
1459296000,94.2,94.51,93.96,94.14,922
1459382400,94.06,94.34,93.88,93.99,699
1459468800,93.42,94.67,93.26,94.6,904
1459728000,94.63,94.69,94.12,94.29,435
1459814400,93.55,93.82,93.22,93.37,676
1459900800,93.42,94.42,93.31,94.41,567
1459987200,93.79,93.97,92.88,93.28,607
1460073600,93.9,94.13,93.24,93.51,408
1460332800,93.8,94.19,93.25,93.25,641
1460419200,93.38,94.28,93.14,94.13,717
1460505600,94.6,95.14,94.56,95.1,689
1460592000,95.17,95.37,94.97,95.14,526
1460678400,95.19,95.19,94.86,95.05,503
1460937600,94.67,95.68,94.67,95.67,486
1461024000,95.88,96.13,95.53,95.98,626
1461110400,95.98,96.44,95.77,96.06,448
1461196800,96.06,96.13,95.45,95.6,449
1461283200,95.34,95.73,95.13,95.59,600
1461542400,95.25,95.43,94.94,95.42,409
1461628800,95.57,95.83,95.35,95.58,479
1461715200,95.4,95.94,95.18,95.75,492
1461801600,95.29,95.94,94.7,94.9,765
1461888000,94.65,94.75,93.8,94.4,919
1462147200,94.67,95.22,94.48,95.13,422
1462233600,94.5,94.58,93.91,94.28,661
1462320000,93.75,94.07,93.48,93.7,746
1462406400,93.81,94.17,93.49,93.7,2150
1462492800,93.4,94.04,93.19,94.0,662
1462752000,93.88,94.34,93.86,94.11,452
1462838400,94.42,95.28,94.42,95.27,517
1462924800,95.01,95.25,94.43,94.43,904
1463011200,94.85,94.89,93.9,94.39,517
1463097600,94.18,94.56,93.46,93.64,439
1463356800,93.78,94.77,93.65,94.54,587
1463443200,94.3,94.45,93.43,93.68,1916
1463529600,93.49,94.32,93.19,93.72,794
1463616000,93.36,93.49,92.72,93.36,821
1463702400,93.73,94.24,93.69,93.98,522
1463961600,93.91,94.14,93.76,93.81,533
1464048000,94.29,95.25,94.29,95.05,1410
1464134400,95.43,95.93,95.4,95.71,467
1464220800,95.71,95.9,95.6,95.7,531
1464307200,95.75,96.14,95.73,96.12,671
1464652800,96.27,96.37,95.69,96.07,504
1464739200,95.63,96.29,95.56,96.21,539
1464825600,95.96,96.49,95.75,96.49,541
1464912000,96.2,96.39,95.61,96.24,2088
1465171200,96.4,96.88,96.34,96.69,598
1465257600,96.8,97.15,96.75,96.85,529
1465344000,96.94,97.23,96.87,97.18,629
1465430400,96.74,97.09,96.66,97.01,563
1465516800,96.24,96.45,95.82,96.09,690
1465776000,95.72,96.26,95.35,95.39,687
1465862400,94.69,95.05,94.28,94.79,613
1465948800,94.9,95.3,94.57,94.67,557
1466035200,94.24,94.99,93.64,94.93,976
1466121600,94.94,94.94,94.24,94.61,919
1466380800,95.67,95.98,95.15,95.2,584
1466467200,95.42,95.63,95.16,95.42,459
1466553600,95.54,95.89,95.2,95.23,872
1466640000,96.06,96.52,95.82,96.52,626
1466726400,93.43,94.72,92.85,93.04,2181
1466985600,92.35,92.35,90.89,91.33,2143
1467072000,92.34,92.99,92.08,92.99,1620
1467158400,93.73,94.7,93.72,94.56,869
1467244800,94.81,95.88,94.58,95.88,807
1467331200,95.86,96.36,95.81,96.07,588
1467676800,95.66,95.91,95.07,95.41,747
1467763200,95.09,96.0,94.77,95.97,1030
1467849600,96.0,96.41,95.52,95.9,645
1467936000,96.53,97.45,96.51,97.38,827
1468195200,97.62,97.98,97.52,97.7,685
1468281600,98.12,98.56,98.09,98.41,837
1468368000,98.56,98.65,98.13,98.4,691
1468454400,98.97,99.16,98.72,98.91,534
1468540800,99.17,99.21,98.57,98.81,423
1468800000,98.85,99.14,98.74,99.07,475
1468886400,98.81,98.99,98.7,98.94,498
1468972800,99.14,99.51,98.99,99.4,446
1469059200,99.32,99.47,98.78,99.02,378
1469145600,99.04,99.49,98.94,99.46,619
1469404800,99.41,99.42,98.91,99.2,578
1469491200,99.14,99.46,98.83,99.27,812
1469577600,99.37,99.5,98.77,99.16,717
1469664000,99.09,99.43,98.82,99.31,559
1469750400,99.14,99.65,99.01,99.47,516
1470009600,99.55,99.72,99.16,99.36,460
1470096000,99.22,99.31,98.29,98.7,686
1470182400,98.66,99.04,98.58,99.01,468
1470268800,99.09,99.26,98.89,99.13,440
1470355200,99.46,99.94,96.24,99.92,436
1470614400,99.98,100.07,99.74,99.85,460
1470700800,99.88,100.21,99.8,99.92,447
1470787200,100.03,100.07,99.53,99.67,436
1470873600,99.93,100.29,99.85,100.2,388
1470960000,99.95,100.19,99.88,100.07,393
1471219200,100.23,100.58,100.23,100.4,513
1471305600,100.16,100.36,99.85,99.86,391
1471392000,99.82,100.07,99.42,100.03,568
1471478400,100.04,100.26,99.96,100.26,476
1471564800,99.96,100.19,99.76,100.12,397
1471824000,99.96,100.21,99.8,100.13,342
1471910400,100.41,100.62,100.3,100.32,293
1471996800,100.24,100.31,99.61,99.8,445
1472083200,99.61,99.97,99.56,99.71,424
1472169600,99.79,100.38,99.11,99.54,703
1472428800,99.67,100.2,99.42,100.06,399
1472515200,99.99,100.13,99.59,99.85,449
1472601600,99.74,99.81,99.21,99.64,523
1472688000,99.69,99.79,99.05,99.67,549
1472774400,100.03,100.32,99.83,100.11,597
1473120000,100.23,100.42,99.88,100.42,428
1473206400,100.36,100.51,100.11,100.41,366
1473292800,100.28,100.38,100.05,100.21,481
1473379200,99.54,99.54,97.8,97.8,876
1473638400,97.39,99.39,97.28,99.19,1002
1473724800,98.54,98.61,97.42,97.8,947
1473811200,97.81,98.42,97.42,97.71,965
1473897600,97.66,98.88,97.6,98.71,638
1473984000,98.39,98.67,97.99,98.31,611
1474243200,98.69,99.04,98.19,98.33,355
1474329600,98.25,98.3,97.76,97.8,460
1474416000,98.13,98.97,97.8,98.86,536
1474502400,99.38,99.67,99.33,99.55,444
1474588800,99.36,99.36,98.95,99.0,472
1474848000,98.62,98.65,98.11,98.18,695
1474934400,98.15,98.84,97.93,98.79,446
1475020800,98.87,99.35,98.41,99.33,681
1475107200,99.24,99.37,98.14,98.42,844
1475193600,98.79,99.49,98.71,99.16,413
1475452800,98.98,99.0,98.58,98.9,432
1475539200,99.01,99.08,98.11,98.37,915
1475625600,98.71,99.05,98.71,98.88,362
1475712000,98.72,98.96,98.38,98.89,378
1475798400,98.97,99.09,98.15,98.55,678
1476057600,98.94,99.27,98.94,99.05,328
1476144000,98.79,98.9,97.41,97.78,695
1476230400,97.86,98.16,97.58,97.92,627
1476316800,97.27,97.83,96.74,97.59,647
1476403200,98.02,98.35,97.59,97.59,647
1476662400,97.59,97.7,97.21,97.31,511
1476748800,98.05,98.13,97.7,97.89,381
1476835200,97.96,98.32,97.83,98.13,458
1476921600,97.99,98.26,97.65,98.04,551
1477008000,97.63,98.05,97.48,97.99,509
1477267200,98.45,98.64,98.32,98.47,434
1477353600,98.34,98.48,98.05,98.1,660
1477440000,97.7,98.19,97.6,97.91,465
1477526400,98.29,98.3,97.6,97.64,623
1477612800,97.53,97.96,96.97,97.3,904
1477872000,97.53,97.62,97.3,97.38,386
1477958400,97.16,97.23,96.07,96.68,899
1478044800,96.47,96.49,95.85,96.04,802
1478131200,96.17,96.27,95.48,95.61,633
1478217600,95.75,96.15,95.49,95.55,744
1478476800,96.98,97.62,96.85,97.62,880
1478563200,97.45,98.38,97.32,98.0,767
1478649600,97.37,99.42,97.32,99.09,1386
1478736000,99.65,100.05,98.6,99.31,1576
1478822400,99.09,99.27,98.65,99.2,957
1479081600,99.68,99.68,98.83,99.21,655
1479168000,99.51,99.99,99.37,99.97,1043
1479254400,99.67,99.92,99.62,99.87,530
1479340800,99.89,100.38,99.86,100.34,756
1479427200,100.48,100.5,100.07,100.12,929
1479686400,100.48,100.9,100.42,100.9,710
1479772800,101.1,101.17,100.71,101.11,566
1479859200,100.81,101.17,100.72,101.16,623
1480032000,101.27,101.52,101.26,101.52,293
1480291200,101.27,101.45,100.99,101.08,584
1480377600,101.01,101.46,100.88,101.21,419
1480464000,101.52,101.64,101.0,101.0,523
1480550400,101.05,101.16,100.38,100.56,603
1480636800,100.55,100.85,100.44,100.58,688
1480896000,101.05,101.37,100.95,101.2,558
1480982400,101.29,101.57,101.07,101.56,427
1481068800,101.55,102.95,101.43,102.89,1279
1481155200,102.89,103.4,102.77,103.12,480
1481241600,103.25,103.73,103.24,103.72,473
1481500800,103.7,103.9,103.38,103.59,506
1481587200,103.96,104.53,103.95,104.28,502
1481673600,104.08,104.34,103.27,103.44,734
1481760000,103.44,104.31,103.44,103.86,1218
1481846400,104.08,104.14,103.53,103.67,645
1482105600,103.75,104.1,103.69,103.88,635
1482192000,104.12,104.36,104.08,104.26,486
1482278400,104.16,104.3,104.03,104.04,575
1482364800,103.28,103.32,103.03,103.24,411
1482451200,103.21,103.39,103.15,103.39,530
1482796800,103.49,103.85,103.45,103.62,399
1482883200,103.76,103.76,102.74,102.75,495
1482969600,102.81,103.01,102.55,102.74,421
1483056000,102.93,102.93,102.05,102.36,729
1483401600,103.17,103.41,102.58,103.09,897
1483488000,103.4,103.91,103.4,103.78,616
1483574400,103.67,103.85,103.33,103.74,542
1483660800,103.78,104.37,103.53,104.13,707
1483920000,104.0,104.05,103.77,103.79,462
1484006400,103.75,104.23,103.61,103.83,410
1484092800,103.81,104.07,103.46,104.05,519
1484179200,103.79,103.92,103.1,103.86,724
1484265600,104.0,104.24,103.93,104.02,566
1484611200,103.78,103.94,103.51,103.72,469
1484697600,103.82,103.97,103.57,103.95,487
1484784000,104.02,104.07,103.36,103.6,699
1484870400,103.97,104.23,103.66,103.92,347
1485129600,103.7,103.96,103.31,103.68,609
1485216000,103.79,104.56,103.78,104.36,759
1485302400,104.82,105.26,104.82,105.2,494
1485388800,105.23,105.33,105.05,105.14,434
1485475200,105.2,105.29,104.88,105.03,450
1485734400,104.69,104.69,103.82,104.42,471
1485820800,104.18,104.36,103.81,104.36,571
1485907200,104.67,104.83,104.11,104.39,705
1485993600,104.22,104.59,104.05,104.45,462
1486080000,104.93,105.28,104.8,105.22,380
1486339200,105.08,105.2,104.84,105.03,441
1486425600,105.23,105.34,104.94,105.06,329
1486512000,104.95,105.23,104.77,105.19,349
1486598400,105.39,105.97,105.34,105.81,352
1486684800,106.0,106.33,105.97,106.21,362
1486944000,106.51,106.94,106.48,106.78,447
1487030400,106.88,107.21,106.52,107.21,408
1487116800,107.14,107.88,107.11,107.78,675
1487203200,107.83,107.91,107.33,107.64,1667
1487289600,107.32,107.82,107.32,107.82,555
1487635200,108.06,108.56,108.06,108.48,448
1487721600,108.26,108.52,108.2,108.36,384
1487808000,108.72,108.72,108.07,108.44,510
1487894400,107.97,108.62,107.95,108.62,851
1488153600,108.55,108.85,108.42,108.79,1079
1488240000,108.53,108.69,108.27,108.5,440
1488326400,109.41,110.19,109.35,109.94,653
1488412800,109.83,109.83,109.24,109.3,419
1488499200,109.28,109.42,109.01,109.34,408
1488758400,108.84,109.18,108.68,109.05,384
1488844800,108.93,109.02,108.6,108.7,360
1488931200,108.79,108.93,108.42,108.51,383
1489017600,108.52,108.79,108.12,108.57,421
1489104000,109.11,109.11,108.52,108.94,625
1489363200,108.95,109.07,108.8,109.03,341
1489449600,108.36,108.69,108.32,108.65,503
1489536000,109.02,109.79,108.93,109.56,440
1489622400,109.51,109.54,109.25,109.41,480
1489708800,109.41,109.61,109.24,109.24,284
1489968000,109.31,109.33,108.89,109.05,219
1490054400,108.67,108.78,107.58,107.67,675
1490140800,107.4,108.02,107.39,107.86,510
1490227200,107.93,108.37,107.6,107.75,975
1490313600,107.64,107.73,106.69,106.69,868
1490572800,106.28,107.21,106.2,107.09,513
1490659200,107.02,108.08,106.97,107.88,706
1490745600,107.71,108.12,107.67,108.03,485
1490832000,107.98,108.43,107.91,108.35,442
1490918400,108.2,108.45,108.09,108.09,611
1491177600,108.14,108.25,107.28,107.93,568
1491264000,107.76,108.0,107.61,107.98,403
1491350400,108.31,108.8,107.58,107.64,462
1491436800,107.7,108.16,107.52,107.89,398
1491523200,107.83,108.15,107.6,107.82,414
1491782400,107.92,108.34,107.64,107.9,318
1491868800,107.74,107.79,107.02,107.78,498
1491955200,107.7,107.75,107.2,107.36,331
1492041600,107.11,107.51,106.66,106.66,870
1492387200,106.96,107.56,106.8,107.56,472
1492473600,107.15,107.52,106.92,107.27,404
1492560000,107.55,107.77,106.99,107.1,306
1492646400,107.48,108.18,107.31,107.93,331
1492732800,107.91,107.92,107.44,107.63,336
1492992000,108.76,108.9,108.57,108.77,337
1493078400,109.13,109.62,109.13,109.47,415
1493164800,109.46,109.89,109.39,109.4,596
1493251200,109.5,109.62,109.21,109.51,368
1493337600,109.62,109.62,109.17,109.27,692
1493596800,109.47,109.74,109.31,109.52,474
1493683200,109.66,109.66,109.37,109.58,317
1493769600,109.35,109.49,109.07,109.41,477
1493856000,109.57,109.57,109.09,109.48,398
1493942400,109.72,109.96,109.49,109.96,421
1494201600,110.05,110.05,109.73,109.91,312
1494288000,110.02,110.16,109.69,109.85,225
1494374400,109.77,110.04,109.71,110.0,228
1494460800,109.79,109.82,109.22,109.79,251
1494547200,109.57,109.69,109.47,109.6,198
1494806400,109.82,110.26,109.78,110.16,305
1494892800,110.29,110.29,109.91,110.1,282
1494979200,109.22,109.43,108.14,108.18,556
1495065600,108.15,108.98,107.97,108.58,541
1495152000,108.82,109.67,108.82,109.28,701
1495411200,109.67,109.95,109.56,109.87,319
1495497600,110.03,110.19,109.9,110.09,292
1495584000,110.21,110.43,110.11,110.36,279
1495670400,110.57,111.03,110.56,110.86,293
1495756800,110.82,110.98,110.81,110.91,224
1496102400,110.6,110.93,110.6,110.84,277
1496188800,111.0,111.0,110.44,110.79,311
1496275200,111.01,111.68,110.97,111.68,463
1496361600,111.71,112.15,111.62,112.01,454
1496620800,112.0,112.11,111.9,111.99,302
1496707200,111.6,111.96,111.57,111.64,316
1496793600,111.76,111.94,111.5,111.85,324
1496880000,111.85,112.11,111.66,111.9,339
1496966400,112.13,112.46,111.11,111.77,665
1497225600,111.68,111.71,111.3,111.71,399
1497312000,112.0,112.27,111.88,112.21,480
1497398400,112.32,112.34,111.72,112.14,348
1497484800,111.5,111.95,111.29,111.9,301
1497571200,111.97,111.99,111.45,111.87,274
1497830400,112.35,112.84,112.3,112.79,302
1497916800,112.63,112.63,112.07,112.07,340
1498003200,111.77,111.86,111.35,111.61,293
1498089600,111.62,111.87,111.47,111.54,254
1498176000,111.55,111.87,111.42,111.73,212
1498435200,112.11,112.27,111.67,111.75,239
1498521600,111.63,111.8,110.87,110.88,782
1498608000,111.47,111.94,111.29,111.81,468
1498694400,111.9,111.9,110.22,110.89,310
1498780800,111.04,111.46,110.96,111.04,485
1499040000,111.62,111.78,111.32,111.32,177
1499212800,111.36,111.58,111.0,111.5,314
1499299200,111.07,111.11,110.37,110.51,388
1499385600,110.8,111.25,110.69,111.15,218
1499644800,111.15,111.49,111.1,111.29,239
1499731200,111.1,111.36,110.65,111.21,242
1499817600,111.78,112.15,111.77,112.01,258
1499904000,112.06,112.3,111.98,112.25,221
1499990400,112.32,112.92,112.27,112.72,283
1500249600,112.81,112.91,112.68,112.74,215
1500336000,112.63,112.83,112.36,112.83,231
1500422400,113.03,113.4,113.03,113.38,188
1500508800,113.53,113.6,113.24,113.44,216
1500595200,113.2,113.39,113.07,113.37,827
1500854400,113.49,113.49,113.12,113.32,467
1500940800,113.7,113.78,113.54,113.63,186
1501027200,113.76,113.81,113.52,113.61,249
1501113600,113.81,113.88,112.89,113.48,326
1501200000,113.16,113.43,113.09,113.37,251
1501459200,113.56,113.64,113.25,113.31,475
1501545600,113.67,113.74,113.39,113.54,211
1501632000,113.58,113.65,113.1,113.59,220
1501718400,113.54,113.58,113.27,113.37,468
1501804800,113.62,113.74,113.47,113.59,253
1502064000,113.65,113.81,113.59,113.8,238
1502150400,113.66,114.28,113.38,113.53,268
1502236800,113.06,113.52,113.0,113.46,351
1502323200,113.02,113.09,111.9,111.92,507
1502409600,111.93,112.33,111.91,112.07,355
1502668800,112.8,113.3,112.8,113.2,219
1502755200,113.31,113.34,113.03,113.15,297
1502841600,113.45,113.64,113.23,113.27,230
1502928000,113.11,113.23,111.63,111.63,415
1503014400,111.48,112.08,111.21,111.41,338
1503273600,111.42,111.65,111.07,111.57,369
1503360000,111.96,112.76,111.95,112.67,268
1503446400,112.28,112.53,112.17,112.35,321
1503532800,112.46,112.62,112.0,112.12,294
1503619200,112.49,112.81,112.29,112.32,234
1503878400,112.55,112.57,112.15,112.32,219
1503964800,111.64,112.56,111.59,112.44,234
1504051200,112.44,113.12,112.4,112.95,251
1504137600,113.44,113.8,113.27,113.63,368
1504224000,113.82,114.1,113.81,113.9,364
1504569600,113.51,113.73,112.55,113.06,420
1504656000,113.39,113.58,113.14,113.4,334
1504742400,113.53,113.57,113.2,113.38,371
1504828800,113.18,113.5,113.12,113.24,299
1505088000,113.86,114.53,113.86,114.47,480
1505174400,114.73,114.87,114.6,114.87,259
1505260800,114.77,114.96,114.67,114.96,170
1505347200,114.58,114.97,114.58,114.91,273
1505433600,114.9,115.07,114.78,115.07,239
1505692800,115.24,115.48,115.11,115.28,198
1505779200,115.44,115.47,115.28,115.42,176
1505865600,114.85,114.94,114.4,114.9,386
1505952000,114.74,114.83,114.5,114.59,168
1506038400,114.47,114.71,114.43,114.68,224
1506297600,114.52,114.64,114.0,114.37,214
1506384000,114.55,114.69,114.35,114.39,216
1506470400,114.9,115.07,114.39,114.87,212
1506556800,114.79,115.05,114.74,115.02,164
1506643200,115.1,115.44,115.02,115.43,183
1506902400,115.53,115.9,115.53,115.9,330
1506988800,116.0,116.18,115.91,116.17,239
1507075200,116.13,116.45,116.07,116.33,214
1507161600,116.55,117.01,116.52,116.98,252
1507248000,116.74,116.92,116.66,116.87,158
1507507200,116.95,117.01,116.58,116.64,209
1507593600,116.99,117.16,116.73,116.95,148
1507680000,116.98,117.16,116.86,117.14,148
1507766400,117.05,117.19,116.87,116.97,309
1507852800,117.09,117.28,117.06,117.06,190
1508112000,117.27,117.37,117.08,117.28,256
1508198400,117.3,117.36,117.14,117.36,296
1508284800,117.5,117.57,117.37,117.44,242
1508371200,117.0,117.48,116.85,117.48,220
1508457600,117.86,118.12,117.81,118.1,268
1508716800,118.22,118.25,117.63,117.67,377
1508803200,117.91,117.99,117.67,117.86,280
1508889600,117.74,117.76,116.7,117.32,507
1508976000,117.57,117.73,117.42,117.45,536
1509062400,117.8,118.42,117.7,118.33,261
1509321600,118.27,118.3,117.77,117.95,200
1509408000,118.07,118.24,118.03,118.1,225
1509494400,118.5,118.55,118.1,118.28,697
1509580800,117.92,118.34,117.9,118.27,136
1509667200,118.22,118.69,118.18,118.61,185
1509926400,118.56,118.91,118.56,118.83,239
1510012800,118.94,119.09,118.52,118.77,331
1510099200,118.7,119.01,118.56,118.97,205
1510185600,118.39,118.64,117.73,118.55,770
1510272000,118.38,118.56,118.23,118.5,192
1510531200,118.15,118.71,118.15,118.6,171
1510617600,118.18,118.4,117.9,118.37,209
1510704000,117.75,118.1,117.39,117.76,244
1510790400,118.32,118.94,118.28,118.74,908
1510876800,118.59,118.66,118.45,118.48,228
1511136000,118.53,118.75,118.45,118.66,384
1511222400,119.09,119.5,119.09,119.42,243
1511308800,119.47,119.48,119.28,119.36,213
1511481600,119.6,119.69,119.52,119.62,155
1511740800,119.67,119.81,119.44,119.63,299
1511827200,119.81,120.76,119.77,120.71,437
1511913600,120.92,121.07,120.46,120.69,456
1512000000,121.3,122.15,121.15,121.65,435
1512086400,121.71,121.84,119.82,121.45,744
1512345600,122.38,122.5,121.32,121.38,356
1512432000,121.32,121.75,120.81,120.87,362
1512518400,120.68,121.05,120.66,120.87,1270
1512604800,120.85,121.4,120.84,121.27,410
1512691200,121.72,121.95,121.61,121.86,233
1512950400,122.07,122.35,121.98,122.35,315
1513036800,122.5,122.8,122.37,122.56,539
1513123200,122.79,122.9,122.51,122.54,284
1513209600,122.69,122.76,122.03,122.03,258
1513296000,122.56,123.28,122.55,123.06,322
1513555200,123.77,124.0,123.77,123.82,490
1513641600,124.0,124.0,123.33,123.37,357
1513728000,123.86,123.86,123.14,123.28,314
1513814400,123.2,123.3,122.86,122.96,423
1513900800,122.98,122.98,122.67,122.91,292
1514246400,122.72,122.87,122.65,122.77,306
1514332800,122.9,123.01,122.72,122.82,286
1514419200,123.13,123.13,122.9,123.09,387
1514505600,123.27,123.27,122.56,122.58,283
1514851200,123.1,123.5,122.93,123.5,446
1514937600,123.64,124.33,123.62,124.21,419
1515024000,124.5,125.04,124.5,124.8,472
1515110400,125.2,125.65,125.0,125.64,407
1515369600,125.61,125.94,125.45,125.91,509
1515456000,126.14,126.47,126.0,126.16,351
1515542400,125.79,126.06,125.44,125.96,484
1515628800,126.25,126.88,126.2,126.85,312
1515715200,127.03,127.78,127.03,127.69,410
1516060800,128.41,128.7,126.91,127.29,533
1516147200,127.78,128.68,127.49,128.45,397
1516233600,128.37,128.61,128.05,128.29,395
1516320000,128.65,128.86,128.29,128.84,466
1516579200,128.8,129.92,128.8,129.92,464
1516665600,129.93,130.35,129.86,130.23,401
1516752000,130.59,130.83,129.57,130.14,642
1516838400,130.67,130.67,129.82,130.21,533
1516924800,130.57,131.69,130.54,131.69,421
1517184000,131.42,131.63,130.77,130.88,628
1517270400,129.77,130.13,129.29,129.47,841
1517356800,129.94,130.2,129.04,129.58,531
1517443200,129.17,130.11,129.07,129.49,516
1517529600,128.63,128.79,126.67,126.69,925
1517788800,125.59,126.83,121.08,121.64,2183
1517875200,119.38,123.99,118.81,123.77,2190
1517961600,123.5,125.24,123.18,123.18,1375
1518048000,123.31,123.31,118.5,118.55,1578
1518134400,119.88,121.2,116.35,120.29,2059
1518393600,121.45,122.75,120.44,121.97,1396
1518480000,121.45,122.6,121.17,122.35,1084
1518566400,121.66,124.17,121.66,124.03,754
1518652800,124.7,125.49,123.64,125.49,586
1518739200,125.34,126.58,125.19,125.68,844
1519084800,125.19,125.82,124.48,124.86,470
1519171200,125.0,126.3,124.18,124.18,646
1519257600,124.62,125.47,123.98,124.32,527
1519344000,125.0,126.28,124.73,126.28,489
1519603200,126.88,127.77,126.58,127.7,406
1519689600,127.88,128.2,126.16,126.16,413
1519776000,126.71,126.92,124.74,124.74,508
1519862400,124.98,125.52,122.37,123.11,956
1519948800,122.28,124.02,121.8,123.82,2139
1520208000,123.11,125.51,123.1,125.21,664
1520294400,125.7,125.7,124.81,125.56,421
1520380800,124.38,125.73,124.32,125.55,384
1520467200,125.83,126.15,125.4,126.09,366
1520553600,126.87,128.26,126.74,128.26,441
1520812800,128.49,128.53,127.98,128.14,370
1520899200,128.58,128.58,127.04,127.41,404
1520985600,127.41,127.48,126.45,126.61,458
1521072000,126.88,127.24,126.26,126.57,428
1521158400,127.12,127.19,126.69,126.69,488
1521417600,125.91,125.91,124.14,125.03,734
1521504000,125.36,125.46,124.87,125.15,321
1521590400,125.06,126.15,124.89,124.97,476
1521676800,123.28,123.4,121.23,121.34,632
1521763200,121.52,121.8,118.68,118.76,770
1522022400,120.77,122.11,119.43,121.99,863
1522108800,122.37,122.7,119.08,119.83,772
1522195200,120.02,120.64,118.94,119.57,753
1522281600,120.08,121.92,119.71,121.17,727
1522627200,120.57,120.95,117.14,118.33,803
1522713600,118.89,120.11,118.15,119.88,775
1522800000,118.12,121.53,118.11,121.28,723
1522886400,121.74,122.59,121.54,122.18,367
1522972800,121.04,121.86,118.73,119.47,817
1523232000,120.07,121.77,119.8,119.88,788
1523318400,121.66,122.31,120.93,121.92,927
1523404800,121.02,122.14,121.02,121.27,826
1523491200,121.87,122.76,121.87,122.3,717
1523577600,122.86,123.05,121.45,122.0,357
1523836800,122.84,123.3,122.34,122.96,554
1523923200,123.76,124.56,123.64,124.23,424
1524009600,124.42,124.73,124.14,124.36,238
1524096000,124.01,124.1,123.19,123.67,698
1524182400,123.73,123.77,122.24,122.65,490
1524441600,122.85,123.25,122.2,122.64,310
1524528000,123.04,123.25,120.2,120.99,538
1524614400,120.78,121.44,119.96,121.19,393
1524700800,121.93,122.89,121.55,122.45,333
1524787200,122.64,122.86,122.13,122.64,296
1525046400,123.0,123.18,121.61,121.61,438
1525132800,121.49,121.89,120.6,121.87,437
1525219200,121.73,122.14,120.81,120.96,346
1525305600,120.43,121.07,119.15,120.74,429
1525392000,120.3,122.65,120.19,122.29,360
1525651200,122.65,123.22,122.44,122.74,292
1525737600,122.41,122.94,122.08,122.73,344
1525824000,123.15,124.09,122.86,123.86,319
1525910400,124.4,125.2,124.29,124.98,303
1525996800,125.11,125.56,124.89,125.31,269
1526256000,125.7,125.95,125.26,125.41,266
1526342400,124.79,124.79,124.15,124.56,588
1526428800,124.77,125.33,124.72,125.12,247
1526515200,125.08,125.6,124.65,125.05,381
1526601600,124.9,125.03,124.64,124.76,342
1526860800,125.58,125.93,125.39,125.65,309
1526947200,126.0,126.07,125.15,125.29,321
1527033600,124.7,125.64,124.66,125.64,324
1527120000,125.55,125.61,124.51,125.42,355
1527206400,125.27,125.42,124.86,125.2,426
1527552000,124.21,124.65,123.16,123.73,668
1527638400,124.5,125.55,124.37,125.38,746
1527724800,125.03,125.3,124.3,124.53,10225
1527811200,125.31,125.93,125.3,125.83,469
1528070400,126.18,126.52,126.15,126.44,337
1528156800,126.37,126.7,126.14,126.56,416
1528243200,126.81,127.62,126.57,127.61,569
1528329600,127.91,128.0,127.12,127.53,681
1528416000,127.47,127.97,127.29,127.97,339
1528675200,128.01,128.5,128.01,128.13,340
1528761600,128.39,128.52,128.0,128.35,332
1528848000,128.53,128.6,127.84,127.84,564
1528934400,128.41,128.52,127.98,128.28,491
1529020800,127.87,128.28,127.31,128.17,643
1529280000,127.74,127.97,127.12,127.89,451
1529366400,126.62,127.5,126.49,127.39,1094
1529452800,127.77,127.97,127.47,127.66,457
1529539200,127.63,127.63,126.57,126.78,587
1529625600,126.72,126.86,126.36,126.37,376
1529884800,125.85,125.88,123.85,124.7,3091
1529971200,125.02,125.38,124.61,124.97,484
1530057600,125.28,126.01,123.96,123.96,2723
1530144000,123.88,125.01,123.52,124.66,771
1530230400,125.28,125.89,124.78,124.81,716
1530489600,124.05,125.14,123.88,125.11,1797
1530576000,125.5,125.56,124.42,124.58,487
1530748800,125.34,125.64,124.66,125.62,570
1530835200,125.6,126.9,125.46,126.72,496
1531094400,127.23,127.83,127.23,127.82,321
1531180800,128.07,128.37,127.95,128.33,437
1531267200,127.55,127.9,127.24,127.37,843
1531353600,128.05,128.55,127.75,128.52,524
1531440000,128.5,128.78,128.2,128.64,371
1531699200,128.6,128.66,128.29,128.56,317
1531785600,127.98,129.23,127.98,129.05,501
1531872000,129.11,129.38,128.87,129.34,306
1531958400,129.06,129.18,128.63,128.85,462
1532044800,128.75,129.06,128.64,128.73,349
1532304000,128.5,129.0,128.42,128.92,513
1532390400,129.64,129.96,129.06,129.47,671
1532476800,129.43,130.75,129.42,130.68,717
1532563200,130.33,130.66,130.22,130.29,449
1532649600,130.45,130.47,128.95,129.41,630
1532908800,129.45,129.49,128.43,128.65,511
1532995200,129.14,129.65,128.91,129.27,473
1533081600,129.45,129.69,128.79,129.09,450
1533168000,128.28,129.92,128.28,129.83,553
1533254400,129.89,130.39,129.84,130.37,283
1533513600,130.39,131.03,130.25,130.88,316
1533600000,131.18,131.51,131.18,131.33,280
1533686400,131.28,131.48,131.07,131.27,261
1533772800,131.32,131.52,131.06,131.16,263
1533859200,130.4,130.62,129.89,130.25,273
1534118400,130.3,130.69,129.66,129.72,482
1534204800,130.22,130.68,130.0,130.53,263
1534291200,129.77,129.85,128.81,129.53,699
1534377600,130.45,131.08,130.33,130.61,455
1534464000,130.52,131.24,130.29,130.99,337
1534723200,131.25,131.47,131.06,131.36,305
1534809600,131.54,132.09,131.54,131.65,382
1534896000,131.5,131.85,131.33,131.6,296
1534982400,131.53,131.92,131.27,131.37,277
1535068800,131.75,132.29,131.72,132.22,343
1535328000,132.84,133.29,132.84,133.24,283
1535414400,133.61,133.61,133.1,133.27,259
1535500800,133.38,134.13,133.35,134.05,285
1535587200,133.8,133.96,133.2,133.47,348
1535673600,133.36,133.66,133.06,133.52,346
1536019200,133.22,133.44,132.76,133.28,333
1536105600,132.96,133.14,132.37,132.89,329
1536192000,132.98,133.0,131.96,132.48,438
1536278400,131.94,132.68,131.8,132.18,435
1536537600,132.67,132.75,132.38,132.45,348
1536624000,132.01,133.1,131.95,132.92,272
1536710400,132.84,133.21,132.51,132.94,585
1536796800,133.51,133.8,133.34,133.68,334
1536883200,133.86,133.91,133.35,133.77,307
1537142400,133.67,133.67,132.9,133.0,345
1537228800,133.1,134.02,133.1,133.76,234
1537315200,133.84,134.08,133.7,133.88,238
1537401600,134.48,135.1,134.47,134.94,362
1537488000,135.24,135.37,134.77,134.85,390
1537747200,134.5,134.53,134.1,134.44,285
1537833600,134.51,134.6,134.19,134.25,221
1537920000,134.31,134.94,133.7,133.73,400
1538006400,134.14,134.76,133.97,134.18,283
1538092800,132.85,133.81,132.85,133.52,334
1538352000,134.3,134.54,133.68,133.97,334
1538438400,133.85,134.29,133.74,133.92,355
1538524800,134.38,134.66,133.89,134.03,440
1538611200,133.62,133.68,132.13,132.93,599
1538697600,133.01,133.28,131.39,132.18,637
1538956800,131.79,132.28,131.05,132.07,536
1539043200,131.8,132.53,131.65,131.92,306
1539129600,131.6,131.6,127.53,127.67,937
1539216000,127.08,127.92,124.16,124.97,1567
1539302400,127.18,127.22,125.02,126.67,2275
1539561600,126.47,127.14,125.98,126.11,517
1539648000,126.93,128.93,126.81,128.76,716
1539734400,128.77,129.05,127.57,128.72,603
1539820800,128.1,128.55,126.23,126.92,1227
1539907200,127.24,128.13,126.46,126.75,613
1540166400,127.16,127.21,125.91,126.24,450
1540252800,124.21,126.11,123.34,125.55,970
1540339200,125.4,125.61,121.44,121.66,993
1540425600,122.83,124.66,122.17,123.96,1129
1540512000,121.88,123.3,120.43,121.71,1526
1540771200,123.83,123.83,119.26,120.97,1269
1540857600,121.91,123.0,120.99,122.9,1186
1540944000,124.91,125.4,124.16,124.23,754
1541030400,124.79,125.66,124.79,125.62,440
1541116800,125.39,125.47,123.84,124.8,942
1541376000,125.19,125.82,124.62,125.54,673
1541462400,125.52,126.36,125.52,126.36,620
1541548800,127.59,129.04,127.26,128.96,968
1541635200,128.42,129.08,128.21,128.72,434
1541721600,127.94,128.14,126.75,127.54,493
1541980800,127.26,127.29,124.83,125.02,683
1542067200,125.67,126.34,124.5,124.89,924
1542153600,125.96,126.01,123.29,123.94,1174
1542240000,123.38,125.52,122.56,125.33,1210
1542326400,124.75,126.04,124.53,125.61,725
1542585600,125.31,125.47,123.04,123.45,776
1542672000,121.54,122.49,120.79,121.32,937
1542758400,122.02,122.63,121.7,121.71,975
1542931200,120.87,121.58,120.87,120.87,336
1543190400,122.08,122.85,121.87,122.82,822
1543276800,122.25,123.2,122.05,123.14,1014
1543363200,123.71,126.06,123.29,126.05,851
1543449600,125.79,126.54,125.17,125.82,1263
1543536000,125.76,126.89,125.64,126.78,776
1543795200,128.77,128.77,127.51,128.27,836
1543881600,127.92,128.06,123.95,124.16,1219
1544054400,122.0,123.97,120.57,123.96,1750
1544140800,123.8,124.58,120.64,121.28,1540
1544400000,121.0,121.76,118.89,121.31,2015
1544486400,122.93,123.03,120.57,121.3,1829
1544572800,122.79,123.52,121.91,121.97,1148
1544659200,122.46,122.75,121.3,121.87,1325
1544745600,120.92,121.24,119.34,119.63,1448
1545004800,119.1,119.65,116.4,117.14,1956
1545091200,117.99,118.4,116.38,117.15,2067
1545177600,117.16,118.91,114.54,115.35,2721
1545264000,114.74,115.47,112.3,113.58,4468
1545350400,113.79,115.2,110.87,111.17,4035
1545609600,109.68,110.22,107.55,107.55,2248
1545782400,108.36,112.95,107.34,112.92,4518
1545868800,111.28,113.83,109.76,113.83,5527
1545955200,114.55,115.34,113.16,113.75,3240
1546214400,114.61,114.86,113.68,114.83,3304
1546387200,113.11,115.31,113.0,114.87,1636
1546473600,113.97,113.97,111.92,112.09,1527
1546560000,113.75,116.24,113.63,115.93,1300
1546819200,116.07,117.59,115.66,116.83,1256
1546905600,118.07,118.23,116.72,117.95,1597
1546992000,118.39,118.97,117.84,118.51,1025
1547078400,117.89,119.09,117.46,119.05,1227
1547164800,118.45,119.03,118.19,118.99,847
1547424000,117.95,118.69,117.86,118.31,847
1547510400,118.55,119.77,118.55,119.67,1244
1547596800,119.83,120.39,119.81,119.92,864
1547683200,119.36,121.31,119.36,120.85,1176
1547769600,121.79,122.69,121.38,122.45,1438
1548115200,121.77,121.77,120.01,120.82,1292
1548201600,121.3,121.67,119.8,121.01,903
1548288000,120.88,121.41,120.51,121.16,840
1548374400,122.04,122.57,121.92,122.21,889
1548633600,121.04,121.26,120.38,121.24,974
1548720000,121.32,121.55,120.67,121.1,489
1548806400,121.85,123.42,121.5,122.97,1098
1548892800,123.02,124.33,122.95,124.13,975
1548979200,124.12,124.7,123.83,124.27,1218
1549238400,124.18,125.08,123.92,125.08,800
1549324800,125.41,125.74,125.07,125.64,731
1549411200,125.6,125.65,125.17,125.38,410
1549497600,124.64,124.87,123.42,124.25,632
1549584000,123.67,124.4,123.26,124.4,618
1549843200,124.82,124.87,124.25,124.51,445
1549929600,125.37,126.28,125.34,126.11,548
1550016000,126.54,126.9,126.3,126.47,415
1550102400,125.82,126.76,125.55,126.2,1123
1550188800,127.1,127.58,127.0,127.58,804
1550534400,127.09,128.14,127.09,127.77,768
1550620800,127.79,128.26,127.58,128.01,642
1550707200,127.73,127.87,127.1,127.59,605
1550793600,127.88,128.47,127.78,128.37,602
1551052800,129.09,129.38,128.55,128.56,604
1551139200,128.4,128.92,128.31,128.49,688
1551225600,128.25,128.62,127.77,128.48,428
1551312000,128.37,128.58,128.09,128.18,636
1551398400,128.99,129.2,128.29,129.05,491
1551657600,129.59,129.67,127.36,128.51,830
1551744000,128.45,128.64,128.09,128.38,371
1551830400,128.23,128.25,127.38,127.56,619
1551916800,127.29,127.29,126.05,126.5,821
1552003200,125.5,126.29,125.28,126.24,547
1552262400,127.23,128.13,127.21,128.1,507
1552348800,128.64,128.8,128.31,128.51,534
1552435200,129.3,129.85,129.2,129.38,440
1552521600,129.27,129.59,129.19,129.32,281
1552608000,129.72,130.32,129.51,129.95,636
1552867200,130.44,130.57,129.93,130.41,726
1552953600,130.86,131.32,129.97,130.45,2304
1553040000,130.04,130.91,129.44,129.8,796
1553126400,130.56,131.71,130.49,131.51,731
1553212800,130.39,130.52,128.96,128.98,1142
1553472000,128.61,129.38,128.29,128.85,790
1553558400,130.07,130.29,129.1,129.77,1171
1553644800,129.96,129.96,128.39,129.18,636
1553731200,128.98,129.09,128.16,128.91,339
1553817600,129.54,129.88,129.13,129.82,1110
1554076800,130.38,131.38,130.38,131.28,588
1554163200,131.36,131.4,130.9,131.29,491
1554249600,131.92,132.13,131.23,131.59,536
1554336000,131.72,131.97,131.3,131.81,341
1554422400,132.25,132.48,132.05,132.46,295
1554681600,132.17,132.61,131.88,132.58,341
1554768000,131.95,132.22,131.63,131.82,265
1554854400,132.09,132.38,131.95,132.35,266
1554940800,132.51,132.54,132.07,132.39,264
1555027200,133.2,133.36,132.85,133.22,274
1555286400,133.39,133.39,132.76,133.17,350
1555372800,133.7,133.77,132.94,133.23,382
1555459200,133.76,133.76,132.64,132.89,592
1555545600,132.96,133.23,132.46,133.1,500
1555891200,132.74,133.29,132.7,133.25,400
1555977600,133.45,134.54,133.43,134.45,333
1556064000,134.41,134.58,134.14,134.16,279
1556150400,134.0,134.41,133.51,134.11,304
1556236800,134.12,134.74,133.75,134.73,251
1556496000,134.75,135.2,134.71,134.94,274
1556582400,134.6,135.15,134.06,135.08,356
1556668800,135.28,135.42,134.01,134.02,1129
1556755200,133.94,134.37,132.98,133.78,491
1556841600,134.45,135.13,134.37,135.04,458
1557100800,132.7,134.68,132.7,134.51,511
1557187200,133.34,133.5,131.28,132.23,1027
1557273600,132.15,132.82,131.83,132.08,591
1557360000,130.96,131.91,130.13,131.72,833
1557446400,131.27,132.62,129.7,132.28,781
1557705600,129.65,130.23,128.57,129.1,1116
1557792000,129.12,130.92,129.12,130.11,519
1557878400,129.31,131.27,129.3,130.94,488
1557964800,131.58,132.87,131.58,132.12,455
1558051200,131.14,132.57,131.14,131.43,470
1558310400,130.44,131.09,130.07,130.46,285
1558396800,131.25,131.82,131.22,131.59,262
1558483200,131.22,131.65,131.0,131.27,490
1558569600,130.1,130.1,128.88,129.68,596
1558656000,130.45,130.51,129.6,129.89,363
1559001600,130.49,130.52,128.73,128.74,408
1559088000,128.1,128.28,127.11,127.95,591
1559174400,128.16,128.59,127.63,128.17,515
1559260800,126.83,127.27,126.43,126.52,750
1559520000,126.63,126.97,125.4,126.03,694
1559606400,127.35,128.9,127.04,128.85,580
1559692800,129.73,129.97,128.76,129.92,442
1559779200,130.0,131.12,129.9,130.72,287
1559865600,131.34,132.64,131.34,132.12,384
1560124800,133.0,133.57,132.76,132.79,317
1560211200,133.67,133.88,132.42,132.73,356
1560297600,132.66,132.78,132.21,132.37,416
1560384000,133.02,133.14,132.58,133.05,493
1560470400,132.55,133.13,132.47,132.82,365
1560729600,133.03,133.31,132.87,132.92,287
1560816000,133.84,134.83,133.83,134.24,420
1560902400,134.46,134.95,134.11,134.68,632
1560988800,135.79,136.13,134.95,136.04,443
1561075200,135.83,136.36,135.62,135.73,303
1561334400,135.88,135.91,135.46,135.48,340
1561420800,135.52,135.52,134.11,134.16,321
1561507200,134.63,134.86,133.99,134.0,431
1561593600,133.83,134.18,133.69,133.97,455
1561680000,134.47,134.84,134.15,134.66,323
1561939200,136.48,136.48,135.24,135.78,450
1562025600,135.78,136.16,135.39,136.16,315
1562112000,136.18,137.25,136.18,137.25,279
1562284800,136.59,137.19,136.07,137.08,453
1562544000,136.37,136.57,136.14,136.38,230
1562630400,135.92,136.73,135.92,136.66,249
1562716800,137.2,137.72,136.9,137.22,331
1562803200,137.6,137.7,137.11,137.54,399
1562889600,137.76,138.26,137.69,138.23,394
1563148800,138.15,138.29,138.01,138.23,262
1563235200,138.12,138.27,137.65,137.75,280
1563321600,137.88,137.89,136.94,136.94,382
1563408000,136.21,137.56,136.21,137.4,307
1563494400,137.9,137.93,136.58,136.58,318
1563753600,136.83,137.21,136.61,136.96,307
1563840000,137.53,137.91,137.13,137.88,345
1563926400,137.73,138.59,137.73,138.55,371
1564012800,138.36,138.36,137.6,137.86,358
1564099200,138.51,138.97,138.38,138.87,294
1564358400,138.76,138.76,138.3,138.64,314
1564444800,137.72,138.43,137.72,138.26,348
1564531200,138.33,138.44,135.76,136.75,525
1564617600,137.03,138.31,135.24,135.56,1286
1564704000,135.01,135.09,133.73,134.56,1000
1564963200,132.34,132.36,129.47,130.53,1205
1565049600,131.5,132.36,130.69,132.24,848
1565136000,130.59,132.65,129.71,132.38,867
1565222400,133.15,134.95,132.95,134.94,806
1565308800,134.5,134.76,133.23,134.06,621
1565568000,133.27,133.49,131.98,132.46,400
1565654400,132.08,135.08,132.08,134.32,644
1565740800,132.35,132.69,130.42,130.42,888
1565827200,131.04,131.14,129.82,130.78,791
1565913600,131.78,132.92,131.77,132.74,451
1566172800,133.84,134.59,133.84,134.28,321
1566259200,133.79,134.28,133.26,133.3,517
1566345600,134.44,134.6,134.12,134.38,328
1566432000,134.82,135.02,133.5,134.34,379
1566518400,133.66,134.53,130.29,130.92,1081
1566777600,132.0,132.25,131.29,132.25,640
1566864000,133.06,133.2,131.48,131.77,524
1566950400,131.51,132.73,131.12,132.68,473
1567036800,134.02,134.65,133.52,134.36,427
1567123200,135.14,135.19,133.87,134.34,321
1567468800,133.56,133.89,132.91,133.58,404
1567555200,134.66,135.05,134.36,134.98,399
1567641600,136.31,137.22,136.31,136.76,1402
1567728000,137.0,137.21,136.71,136.88,262
1567987200,137.17,137.23,136.48,136.86,556
1568073600,136.43,136.89,135.89,136.89,311
1568160000,136.88,137.83,136.78,137.83,285
1568246400,138.29,138.79,137.94,138.29,392
1568332800,138.78,138.83,138.0,138.15,309
1568592000,136.8,137.44,136.8,137.29,353
1568678400,137.2,137.66,137.13,137.66,261
1568764800,137.38,137.74,136.41,137.7,363
1568851200,137.79,138.39,137.56,137.75,540
1568937600,138.0,138.13,136.76,137.09,636
1569196800,136.77,137.38,136.63,137.06,287
1569283200,137.55,137.74,135.45,135.76,799
1569369600,135.96,136.91,135.25,136.69,307
1569456000,136.61,136.74,135.76,136.42,451
1569542400,136.61,136.7,134.85,135.62,433
1569801600,135.91,136.61,135.91,136.3,379
1569888000,136.76,137.01,134.57,134.62,417
1569974400,133.84,133.84,131.66,132.31,648
1570060800,132.34,133.36,130.87,133.36,785
1570147200,133.73,135.28,133.73,135.21,332
1570406400,134.68,135.6,134.51,134.66,317
1570492800,133.5,134.17,132.59,132.59,512
1570579200,133.61,134.25,133.29,133.79,447
1570665600,133.89,135.12,133.85,134.66,265
1570752000,136.21,137.18,136.04,136.08,764
1571011200,135.93,136.23,135.8,135.95,209
1571097600,136.5,137.66,136.5,137.34,381
1571184000,136.98,137.34,136.81,137.02,358
1571270400,137.56,137.85,137.17,137.42,299
1571356800,137.35,137.47,136.37,136.9,332
1571616000,137.62,137.79,137.29,137.75,162
1571702400,138.05,138.11,137.26,137.26,334
1571788800,137.18,137.63,137.08,137.63,173
1571875200,138.18,138.18,137.53,138.02,305
1571961600,137.72,138.76,137.72,138.62,242
1572220800,139.54,139.54,139.25,139.36,249
1572307200,139.41,139.74,139.15,139.23,299
1572393600,139.1,139.85,138.97,139.77,199
1572480000,138.88,139.36,138.68,139.31,481
1572566400,140.38,140.64,140.17,140.64,255
1572825600,141.45,141.45,140.95,141.13,366
1572912000,141.14,141.36,140.81,140.95,221
1572998400,140.77,141.06,140.49,140.94,717
1573084800,141.72,142.06,141.24,141.48,341
1573171200,141.46,141.81,141.0,141.81,201
1573430400,141.14,141.69,141.1,141.6,213
1573516800,141.8,142.32,141.55,141.82,247
1573603200,141.3,142.15,141.3,141.94,323
1573689600,141.53,142.17,141.52,142.17,390
1573776000,142.82,143.17,142.55,143.16,286
1574035200,143.19,143.45,142.9,143.31,479
1574121600,143.54,143.54,143.04,143.33,397
1574208000,143.08,143.32,142.08,142.85,538
1574294400,142.74,142.86,142.32,142.67,311
1574380800,142.91,143.03,142.47,142.91,269
1574640000,143.58,144.07,143.57,144.07,337
1574726400,144.07,144.48,143.93,144.37,315
1574812800,144.66,145.01,144.53,145.01,340
1574985600,144.88,144.88,144.38,144.54,167
1575244800,144.5,144.5,143.01,143.2,742
1575331200,141.9,142.31,141.18,142.28,540
1575417600,142.71,143.43,142.71,143.15,307
1575504000,143.29,143.44,142.74,143.36,536
1575590400,144.43,144.88,144.38,144.63,394
1575849600,144.45,144.77,144.19,144.23,294
1575936000,144.0,144.42,143.76,144.07,367
1576022400,144.22,144.55,144.06,144.48,484
1576108800,144.41,146.0,144.3,145.64,597
1576195200,145.39,146.34,145.15,145.72,736
1576454400,146.57,147.05,146.54,146.77,325
1576540800,147.0,147.08,146.74,146.79,303
1576627200,146.74,147.08,146.74,146.79,292
1576713600,147.05,147.44,146.93,147.41,384
1576800000,148.04,148.41,147.94,148.17,304
1577059200,148.26,148.48,148.25,148.29,306
1577145600,147.54,147.56,147.38,147.56,112
1577318400,147.59,148.31,147.59,148.31,187
1577404800,148.68,148.68,148.08,148.27,337
1577664000,148.26,148.34,147.24,147.41,436
1577750400,147.07,147.94,147.0,147.92,426
1577923200,148.6,149.12,148.16,149.09,455
1578009600,147.55,148.67,147.5,148.17,512
1578268800,147.1,148.72,147.1,148.7,438
1578355200,148.4,148.68,148.13,148.33,329
1578441600,148.38,149.73,148.38,149.11,489
1578528000,149.94,150.18,149.64,150.15,602
1578614400,150.39,150.52,149.53,149.75,274
1578873600,150.08,150.76,149.89,150.76,396
1578960000,150.63,151.1,150.35,150.55,583
1579046400,150.82,151.32,150.5,150.9,480
1579132800,151.72,152.18,151.52,152.18,339
1579219200,152.55,152.71,152.26,152.68,337
1579564800,152.25,152.77,152.22,152.37,330
1579651200,152.88,153.21,152.41,152.53,621
1579737600,152.13,152.71,151.59,152.67,463
1579824000,153.02,153.02,150.64,151.33,520
1580083200,148.7,149.59,148.32,148.92,653
1580169600,149.59,150.85,149.39,150.43,791
1580256000,151.13,151.19,150.25,150.31,356
1580342400,149.28,150.9,149.04,150.88,460
1580428800,150.58,150.58,147.76,148.2,714
1580688000,149.0,150.26,149.0,149.43,1015
1580774400,151.24,152.23,151.13,151.8,424
1580860800,153.07,153.4,152.41,153.26,559
1580947200,153.58,153.92,153.29,153.89,290
1581033600,153.34,153.67,152.82,153.1,505
1581292800,152.68,154.22,152.68,154.22,382
1581379200,155.0,155.29,154.33,154.5,276
1581465600,155.31,155.56,155.09,155.5,346
1581552000,154.66,155.84,154.66,155.35,316
1581638400,155.58,155.73,155.08,155.67,281
1581984000,155.46,155.52,154.63,155.35,445
1582070400,155.86,156.45,155.75,156.15,259
1582156800,155.88,156.3,153.99,155.5,672
1582243200,154.86,154.87,153.5,153.93,424
1582502400,149.01,150.29,148.24,148.79,1292
1582588800,149.5,149.76,143.85,144.29,1617
1582675200,145.08,146.71,143.3,143.68,1210
1582761600,140.63,142.69,137.21,137.21,2166
1582848000,133.1,136.52,131.65,136.42,4439
1583107200,137.63,142.49,135.82,142.49,2529
1583193600,142.77,144.7,137.23,138.45,1709
1583280000,141.19,144.35,139.94,144.24,1534
1583366400,140.71,142.17,138.39,139.44,1480
1583452800,135.0,137.57,133.8,137.07,1125
1583712000,129.3,130.87,126.0,126.44,2505
1583798400,130.0,132.85,126.0,132.85,2530
1583884800,128.32,129.21,124.73,126.27,3115
1583971200,117.76,122.35,114.02,114.15,3134
1584057600,119.29,124.68,114.65,124.57,3559
1584316800,113.24,117.77,109.53,110.96,2377
1584403200,111.74,117.43,111.11,116.07,2293
1584489600,111.83,112.05,104.42,110.5,2677
1584576000,110.83,113.38,109.07,110.59,2336
1584662400,111.75,113.0,105.6,105.82,4372
1584921600,104.5,105.94,100.9,102.91,3989
1585008000,110.03,112.89,108.8,112.89,3677
1585094400,112.25,118.58,112.19,114.17,3350
1585180800,117.67,120.9,116.88,120.42,2254
1585267200,116.24,119.92,115.89,116.56,3185
1585526400,117.51,120.65,116.63,120.46,2446
1585612800,119.81,121.09,117.86,118.43,2077
1585699200,114.1,115.67,112.14,113.27,2044
1585785600,112.64,116.01,112.48,115.63,1226
1585872000,115.49,116.32,112.66,113.95,1634
1586131200,118.59,122.6,118.0,121.79,1627
1586217600,126.04,126.29,121.82,121.82,2054
1586304000,123.36,126.56,122.22,125.95,1335
1586390400,127.89,129.25,126.71,127.99,2033
1586736000,127.32,127.34,124.85,126.73,1625
1586822400,129.33,131.0,128.91,130.63,1163
1586908800,127.91,128.73,126.88,127.89,1550
1586995200,128.58,128.98,127.03,128.62,1613
1587081600,131.42,132.32,130.12,132.1,1934
1587340800,130.14,131.91,129.74,129.83,1548
1587427200,127.21,128.08,125.36,125.73,1151
1587513600,128.29,129.35,127.6,128.61,762
1587600000,129.25,130.82,128.49,128.71,1726
1587686400,129.32,130.71,128.41,130.37,639
1587945600,131.6,132.88,131.27,132.43,1102
1588032000,134.12,134.51,131.59,131.7,641
1588118400,134.13,135.95,133.94,135.29,1149
1588204800,134.16,134.79,133.13,133.83,1146
1588291200,131.48,131.84,129.74,130.24,715
1588550400,129.2,130.85,128.7,130.65,970
1588636800,132.16,133.39,131.88,131.97,658
1588723200,132.75,133.02,131.17,131.18,996
1588809600,133.0,133.75,132.61,132.76,676
1588896000,134.43,135.25,133.9,135.07,752
1589155200,134.03,135.83,133.96,135.18,1426
1589241600,135.71,135.95,132.49,132.53,800
1589328000,132.21,132.62,128.84,130.06,1473
1589414400,128.48,131.63,127.65,131.6,1122
1589500800,130.5,132.19,130.14,132.17,669
1589760000,135.49,137.0,135.22,136.24,840
1589846400,135.86,136.86,135.0,135.04,755
1589932800,136.8,137.6,136.68,137.18,739
1590019200,137.15,137.52,135.69,136.2,996
1590105600,135.98,136.63,135.58,136.63,502
1590451200,139.63,139.63,138.07,138.24,1278
1590537600,139.5,140.23,137.11,140.23,857
1590624000,140.79,141.79,139.7,140.04,1455
1590710400,139.77,140.96,138.56,140.65,921
1590969600,140.43,141.68,140.23,141.32,1042
1591056000,141.84,142.55,141.2,142.55,866
1591142400,143.62,144.9,143.45,144.49,992
1591228800,143.9,144.8,143.0,143.96,907
1591315200,146.5,148.39,146.5,147.7,807
1591574400,148.05,149.53,147.85,149.53,856
1591660800,148.09,149.09,147.69,148.4,685
1591747200,149.11,149.14,147.21,147.73,1376
1591833600,143.43,144.36,138.92,139.03,1398
1591920000,142.89,143.01,138.17,140.72,1061
1592179200,137.54,142.61,137.36,142.11,1533
1592265600,145.88,146.03,142.57,144.81,1417
1592352000,145.2,145.54,143.97,144.25,859
1592438400,143.46,144.59,143.42,144.43,787
1592524800,145.92,146.1,142.98,143.62,835
1592784000,143.17,144.73,142.82,144.59,732
1592870400,145.88,146.26,144.96,145.2,590
1592956800,144.23,144.39,140.65,141.49,982
1593043200,140.48,142.4,139.6,142.35,799
1593129600,141.65,141.88,138.8,139.12,978
1593388800,139.56,140.97,138.55,140.97,881
1593475200,140.76,143.69,140.76,143.06,903
1593561600,143.58,144.59,143.42,144.03,513
1593648000,145.86,146.39,144.5,144.81,805
1593993600,146.82,147.32,146.46,147.14,1124
1594080000,146.42,147.46,145.57,145.7,608
1594166400,146.03,146.96,145.38,146.91,701
1594252800,147.39,147.39,144.42,146.2,809
1594339200,146.39,147.79,145.4,147.78,903
1594598400,149.13,150.11,145.94,146.19,1005
1594684800,145.49,148.26,144.84,148.13,1054
1594771200,149.9,149.95,148.22,149.51,801
1594857600,148.44,149.14,148.11,148.92,828
1594944000,149.48,149.78,148.51,149.44,476
1595203200,149.48,151.22,149.03,150.9,674
1595289600,151.76,151.98,150.62,150.97,755
1595376000,150.81,152.0,150.76,151.87,542
1595462400,151.44,152.13,149.4,149.98,882
1595548800,148.92,149.45,148.14,148.88,503
1595808000,149.28,150.22,148.99,150.16,513
1595894400,149.8,150.31,149.04,149.18,674
1595980800,149.82,151.3,149.74,151.0,659
1596067200,149.55,150.75,148.55,150.55,869
1596153600,151.14,151.64,149.29,151.59,777
1596412800,152.52,153.16,152.25,152.85,571
1596499200,152.48,153.27,152.39,153.26,630
1596585600,154.0,154.46,153.93,154.36,890
1596672000,154.19,155.37,153.88,155.22,736
1596758400,154.74,155.4,154.18,155.17,788
1597017600,155.6,155.69,154.4,155.58,497
1597104000,156.01,156.47,153.94,154.23,842
1597190400,155.77,156.89,155.65,156.5,763
1597276800,156.31,157.05,155.93,156.34,635
1597363200,156.1,156.58,155.89,156.32,325
1597622400,156.85,157.17,156.79,157.01,440
1597708800,157.1,157.69,156.56,157.4,519
1597795200,157.63,157.87,156.52,156.76,803
1597881600,155.65,157.63,155.65,157.42,567
1597968000,157.29,158.05,157.15,157.95,458
1598227200,159.2,159.44,158.52,159.44,591
1598313600,159.68,160.01,159.16,159.98,635
1598400000,160.2,161.87,160.2,161.74,417
1598486400,162.1,162.94,161.32,162.19,532
1598572800,162.56,163.3,162.24,163.19,345
1598832000,163.18,163.8,162.75,162.98,739
1598918400,163.16,164.53,162.95,164.53,656
1599004800,165.21,167.08,164.71,166.81,734
1599091200,165.74,165.74,159.52,160.82,1494
1599177600,160.81,161.87,155.6,159.45,1376
1599523200,156.56,157.0,154.65,154.78,899
1599609600,156.93,159.12,156.44,157.93,648
1599696000,158.71,159.43,154.86,155.23,672
1599782400,156.38,156.56,153.9,155.45,920
1600041600,157.04,158.35,156.72,157.6,559
1600128000,158.91,159.37,157.99,158.62,512
1600214400,159.24,159.83,157.82,157.87,420
1600300800,155.3,157.18,155.08,156.47,581
1600387200,156.87,156.91,153.51,154.95,710
1600646400,152.62,153.28,150.64,153.28,733
1600732800,153.97,155.06,152.75,154.8,702
1600819200,155.1,155.11,150.92,151.11,684
1600905600,150.36,153.09,149.63,151.46,943
1600992000,150.59,153.79,150.17,153.47,597
1601251200,155.62,156.31,155.15,155.97,513
1601337600,155.85,156.22,154.97,155.24,436
1601424000,155.59,157.92,155.51,156.45,1044
1601510400,157.81,158.14,156.64,157.56,625
1601596800,154.81,156.9,154.8,156.05,708
1601856000,157.42,158.81,157.31,158.73,444
1601942400,158.91,159.82,156.32,156.73,577
1602028800,158.06,159.59,158.06,159.25,1705
1602115200,160.25,160.57,159.81,160.57,325
1602201600,161.53,162.25,161.15,161.99,1163
1602460800,163.24,165.35,163.12,164.57,366
1602547200,164.3,164.52,163.36,163.76,482
1602633600,164.03,164.57,162.35,162.69,372
1602720000,160.47,162.67,160.41,162.44,421
1602806400,163.16,163.94,162.46,162.49,474
1603065600,162.99,163.33,159.6,159.83,465
1603152000,160.63,162.01,160.12,160.52,629
1603238400,160.4,161.46,159.99,160.04,442
1603324800,160.57,161.21,159.11,160.89,512
1603411200,161.46,161.46,160.23,161.38,503
1603670400,159.47,159.54,156.75,158.4,713
1603756800,158.11,158.91,157.99,158.07,445
1603843200,153.51,154.37,152.5,152.68,784
1603929600,153.89,155.68,153.35,153.47,665
1604016000,151.73,152.43,150.6,152.43,975
1604275200,154.06,154.97,152.56,153.7,632
1604361600,155.68,157.77,155.45,156.88,495
1604448000,159.27,162.45,158.82,160.52,816
1604534400,163.2,164.51,163.04,163.71,675
1604620800,163.63,164.34,162.58,163.74,433
1604880000,169.15,169.81,165.07,165.24,856
1604966400,165.01,165.36,163.18,164.73,768
1605052800,165.96,166.59,165.49,166.23,529
1605139200,165.75,166.21,163.92,164.7,641
1605225600,165.77,167.18,165.39,166.79,477
1605484800,168.27,168.78,167.49,168.78,503
1605571200,167.83,168.75,167.25,168.09,538
1605657600,168.26,168.64,166.39,166.39,561
1605744000,166.03,167.4,165.6,167.31,501
1605830400,167.2,167.32,166.21,166.21,392
1606089600,167.29,167.82,166.21,167.29,435
1606176000,168.63,170.16,168.07,169.93,663
1606262400,169.94,170.13,169.3,169.86,533
1606435200,170.28,170.8,170.14,170.54,259
1606694400,170.49,170.49,168.39,169.87,751
1606780800,171.61,172.29,171.17,171.55,745
1606867200,170.69,171.9,170.56,171.82,363
1606953600,171.89,172.63,171.45,171.79,518
1607040000,172.35,173.35,172.34,173.35,382
1607299200,173.14,173.46,172.74,173.29,399
1607385600,172.66,174.14,172.64,173.87,620
1607472000,174.29,174.29,171.51,172.19,1355
1607558400,171.25,172.55,170.85,172.26,425
1607644800,171.53,172.06,170.49,171.94,386
1607904000,173.09,173.58,171.33,171.35,432
1607990400,172.71,173.53,171.94,173.43,437
1608076800,173.79,174.31,173.22,173.82,534
1608163200,174.72,175.1,174.52,175.08,484
1608249600,175.4,175.4,173.42,174.52,594
1608508800,172.68,174.45,171.49,174.08,578
1608595200,174.25,174.37,173.34,173.98,393
1608681600,174.56,174.93,173.93,173.93,310
1608768000,173.61,173.83,173.22,173.83,259
1609113600,174.88,175.23,174.68,174.98,476
1609200000,175.89,175.95,174.36,174.63,376
1609286400,175.32,175.4,174.74,174.87,630
1609372800,174.84,176.04,174.57,175.72,1332
1609718400,176.43,176.43,171.49,173.3,843
1609804800,173.14,174.98,173.14,174.59,475
1609891200,173.72,177.0,173.37,175.36,686
1609977600,176.79,178.46,176.7,178.13,648
1610064000,178.92,179.3,177.36,179.27,796
1610323200,177.94,178.95,177.63,178.07,531
1610409600,178.31,178.57,177.03,178.27,499
1610496000,178.45,179.18,177.77,178.59,604
1610582400,179.07,179.31,177.83,177.98,524
1610668800,177.11,177.61,175.86,176.73,623
1611014400,178.02,178.39,177.24,178.1,597
1611100800,179.3,180.98,179.14,180.73,466
1611187200,180.91,181.05,180.27,180.66,548
1611273600,179.81,180.57,179.67,180.08,348
1611532800,180.77,180.98,177.95,180.81,919
1611619200,181.42,181.42,180.28,180.39,537
1611705600,178.39,178.74,174.75,175.71,1114
1611792000,176.75,179.56,176.74,177.47,719
1611878400,176.67,177.03,173.27,174.18,736
1612137600,175.91,177.57,174.8,177.06,624
1612224000,178.72,180.5,178.72,179.74,728
1612310400,180.27,180.71,179.39,180.02,491
1612396800,180.45,181.93,180.45,181.93,442
1612483200,182.8,183.03,182.17,182.79,594
1612742400,183.66,184.08,183.11,184.07,435
1612828800,183.75,184.36,183.62,183.95,658
1612915200,184.95,185.01,182.77,183.93,433
1613001600,184.69,184.8,183.18,184.5,553
1613088000,183.98,185.43,183.98,185.35,385
1613433600,186.02,186.05,184.85,185.18,540
1613520000,184.22,185.1,183.55,185.01,639
1613606400,183.59,184.65,182.81,184.19,757
1613692800,184.88,185.09,183.78,183.98,541
1613952000,182.61,183.54,182.17,182.21,659
1614038400,180.84,182.97,178.5,182.34,1137
1614124800,181.81,184.38,181.23,184.13,693
1614211200,183.61,184.17,178.88,179.6,815
1614297600,180.6,181.17,177.86,178.9,968
1614556800,181.48,183.77,181.48,183.26,903
1614643200,183.48,183.48,181.57,181.68,991
1614729600,181.34,181.78,178.92,178.93,909
1614816000,178.83,179.94,174.21,176.46,1045
1614902400,178.33,179.99,174.17,179.59,1013
1615161600,180.16,181.41,178.41,178.41,783
1615248000,180.87,182.68,180.49,181.4,552
1615334400,182.74,183.34,181.9,182.46,643
1615420800,183.87,185.5,183.65,184.61,411
1615507200,183.75,184.82,183.34,184.75,954
1615766400,184.6,186.05,183.86,185.99,596
1615852800,186.61,186.65,185.31,185.63,471
1615939200,184.89,186.68,184.38,186.21,410
1616025600,184.91,185.73,182.99,183.25,460
1616112000,182.72,183.97,182.26,183.21,532
1616371200,184.12,185.28,184.11,184.6,356
1616457600,184.67,185.0,182.76,183.06,471
1616544000,183.51,184.38,181.96,181.96,304
1616630400,180.52,182.55,179.46,182.17,650
1616716800,183.47,185.24,182.37,185.24,366
1616976000,184.22,185.23,183.47,184.67,669
1617062400,184.25,184.64,183.53,184.41,942
1617148800,184.98,186.13,184.88,185.29,658
1617235200,186.51,187.47,186.4,187.47,595
1617580800,188.85,190.2,188.85,189.94,558
1617667200,189.77,190.61,189.69,190.03,506
1617753600,189.99,190.44,189.76,190.22,326
1617840000,190.92,191.31,190.59,191.27,392
1617926400,191.18,192.67,191.18,192.57,483
1618185600,192.33,192.77,191.97,192.66,500
1618272000,192.75,193.81,192.75,193.56,704
1618358400,193.54,194.0,192.45,192.69,998
1618444800,193.71,194.96,193.71,194.86,376
1618531200,195.48,195.67,194.77,195.4,401
1618790400,194.92,195.12,193.62,194.17,424
1618876800,194.1,194.1,192.12,192.93,616
1618963200,192.65,194.7,192.52,194.66,431
1619049600,194.56,195.15,192.45,193.0,687
1619136000,193.57,195.76,193.4,195.21,338
1619395200,195.49,195.96,195.38,195.63,360
1619481600,195.93,195.94,195.2,195.7,363
1619568000,195.7,196.13,195.3,195.43,272
1619654400,196.91,196.91,194.89,196.53,667
1619740800,195.37,195.83,194.85,195.18,621
1620000000,196.2,196.3,195.25,195.5,469
1620086400,194.63,194.63,192.26,194.05,628
1620172800,194.91,194.94,193.61,193.86,598
1620259200,193.92,195.17,192.78,195.14,596
1620345600,195.61,197.04,195.45,196.63,602
1620604800,196.68,196.75,194.55,194.59,505
1620691200,192.0,193.44,190.96,193.12,787
1620777600,191.57,192.1,188.52,188.87,882
1620864000,189.67,191.86,189.51,190.93,721
1620950400,192.52,194.42,192.4,193.94,535
1621209600,193.47,193.81,192.43,193.45,494
1621296000,193.71,193.85,191.87,191.91,893
1621382400,189.54,191.5,188.94,191.5,569
1621468800,192.0,194.28,192.0,193.66,419
1621555200,194.64,195.06,193.46,193.5,403
1621814400,194.63,196.12,194.61,195.56,462
1621900800,196.1,196.31,194.96,195.22,594
1621987200,195.54,195.87,195.09,195.63,512
1622073600,196.12,196.29,195.71,195.75,402
1622160000,196.54,196.77,196.08,196.09,245
1622505600,197.33,197.39,195.74,195.84,696
1622592000,196.2,196.62,195.88,196.21,511
1622678400,195.09,195.93,194.29,195.36,387
1622764800,196.38,197.34,196.38,197.2,323
1623024000,197.29,197.32,196.77,197.27,314
1623110400,197.72,197.72,196.36,197.2,590
1623196800,197.66,197.69,196.87,196.87,414
1623283200,197.52,198.3,196.99,197.95,435
1623369600,198.18,198.37,197.65,198.35,404
1623628800,198.32,198.83,197.95,198.83,452
1623715200,198.98,198.98,197.97,198.25,280
1623801600,198.51,198.56,196.27,197.3,396
1623888000,197.24,197.98,196.26,197.58,416
1623974400,196.01,196.39,195.03,195.14,569
1624233600,195.9,197.76,195.53,197.71,366
1624320000,197.77,199.3,197.51,198.89,573
1624406400,199.17,199.37,198.72,198.72,744
1624492800,199.24,199.59,199.17,199.31,440
1624579200,199.75,200.08,199.5,199.96,329
1624838400,200.3,200.58,199.82,200.55,453
1624924800,200.84,201.0,200.43,200.67,510
1625011200,200.67,200.94,200.45,200.71,433
1625097600,201.13,201.66,200.9,201.66,538
1625184000,202.39,203.25,202.13,203.16,1092
1625529600,203.32,203.32,201.62,202.92,426
1625616000,203.46,203.62,202.19,203.48,452
1625702400,200.66,202.17,200.27,201.69,536
1625788800,202.58,204.13,202.53,203.99,425
1626048000,203.95,204.71,203.93,204.61,336
1626134400,204.29,204.96,203.74,203.8,400
1626220800,204.77,204.99,203.4,203.82,491
1626307200,203.39,203.71,202.29,203.21,384
1626393600,203.85,203.93,201.65,201.8,370
1626652800,199.38,199.48,197.68,198.96,1283
1626739200,199.93,202.63,199.11,202.02,1390
1626825600,202.8,203.66,202.45,203.59,587
1626912000,203.87,204.26,203.31,204.14,627
1626998400,205.14,206.5,204.93,206.3,753
1627257600,206.07,206.76,206.03,206.76,733
1627344000,206.24,206.35,204.24,205.69,688
1627430400,206.05,206.49,205.26,205.79,447
1627516800,206.09,207.12,206.09,206.59,412
1627603200,205.2,206.19,205.1,205.38,598
1627862400,206.3,206.48,204.93,205.04,697
1627948800,205.34,206.65,204.28,206.65,461
1628035200,206.05,206.35,205.61,205.86,527
1628121600,206.26,207.15,206.17,207.15,311
1628208000,207.28,207.55,207.02,207.31,294
1628467200,207.36,207.52,206.8,207.27,310
1628553600,207.53,207.8,206.97,207.23,328
1628640000,207.81,207.87,207.07,207.67,314
1628726400,207.43,208.44,207.2,208.38,853
1628812800,208.63,208.73,208.41,208.73,347
1629072000,208.46,209.04,207.09,209.03,341
1629158400,207.65,208.1,206.29,207.66,468
1629244800,207.29,207.91,205.43,205.47,361
1629331200,203.78,206.34,203.78,205.7,629
1629417600,205.86,207.54,205.75,207.37,476
1629676800,208.42,209.75,208.42,209.28,453
1629763200,209.7,210.05,209.55,209.77,332
1629849600,209.88,210.44,209.79,210.21,406
1629936000,210.14,210.23,208.95,209.0,365
1630022400,209.47,211.03,209.44,210.87,420
1630281600,211.26,212.18,211.07,211.77,410
1630368000,211.76,211.84,211.16,211.46,814
1630454400,211.64,212.22,211.49,211.5,428
1630540800,212.28,212.56,211.65,212.17,460
1630627200,211.86,212.49,211.59,212.27,520
1630972800,212.0,212.1,211.16,211.5,466
1631059200,211.12,211.48,210.22,211.14,760
1631145600,211.0,211.91,210.26,210.26,411
1631232000,211.44,211.44,208.63,208.69,493
1631491200,210.16,210.16,207.97,209.05,607
1631577600,209.78,209.81,207.5,207.9,622
1631664000,208.19,209.89,207.73,209.6,481
1631750400,209.33,209.92,207.98,209.45,999
1631836800,209.02,209.09,207.33,207.55,430
1632096000,204.0,205.24,201.59,204.02,1110
1632182400,205.24,205.83,203.7,203.97,1256
1632268800,205.04,206.94,204.62,205.9,946
1632355200,206.99,209.09,206.98,208.32,1066
1632441600,206.81,208.27,206.81,207.95,616
1632700800,207.48,207.86,206.91,207.26,365
1632787200,205.63,205.84,202.56,202.92,1140
1632873600,203.74,204.37,202.88,203.08,876
1632960000,203.79,204.16,200.79,200.79,836
1633046400,201.78,203.97,199.95,203.19,1023
1633305600,202.55,202.91,199.28,200.33,1073
1633392000,201.14,203.55,200.92,202.41,518
1633478400,200.7,203.57,199.98,203.52,1022
1633564800,205.23,206.67,205.2,205.33,328
1633651200,205.88,205.95,204.65,204.82,487
1633910400,204.61,205.93,203.41,203.42,359
1633996800,203.91,204.11,202.76,203.16,492
1634083200,203.74,204.16,202.42,203.99,485
1634169600,205.94,207.51,205.8,207.46,429
1634256000,208.55,209.15,208.2,208.97,519
1634515200,208.17,209.84,207.89,209.84,494
1634601600,210.55,211.35,210.37,211.27,449
1634688000,211.35,212.31,211.35,212.07,466
1634774400,211.44,212.92,211.44,212.87,433
1634860800,212.39,213.03,211.42,212.33,642
1635120000,212.81,213.7,212.03,213.41,506
1635206400,214.29,214.94,213.5,213.72,346
1635292800,213.6,214.21,212.49,212.49,490
1635379200,213.57,214.58,213.39,214.58,345
1635465600,213.39,215.22,213.39,215.02,420
1635724800,214.91,215.52,214.59,215.49,464
1635811200,215.93,216.37,215.86,216.21,442
1635897600,215.98,217.69,215.84,217.59,456
1635984000,218.65,218.68,217.78,218.55,558
1636070400,220.0,220.07,218.49,219.25,320
1636329600,219.87,220.03,219.26,219.59,479
1636416000,219.93,219.94,218.22,218.94,828
1636502400,218.04,218.9,216.22,217.01,630
1636588800,217.57,217.71,217.07,217.07,367
1636675200,217.68,219.07,217.32,218.84,220
1636934400,219.39,219.49,218.41,218.89,427
1637020800,218.79,220.45,218.79,219.82,439
1637107200,219.85,219.85,219.0,219.2,492
1637193600,219.55,219.99,218.4,219.77,339
1637280000,219.6,220.29,219.29,219.47,533
1637539200,220.23,221.27,218.19,218.19,531
1637625600,218.03,218.83,216.7,218.41,916
1637712000,217.21,219.13,216.89,219.06,507
1637884800,215.41,216.62,213.86,214.63,671
1638144000,216.5,217.87,215.58,216.89,664
1638230400,215.65,216.66,212.6,213.06,822
1638316800,215.01,216.64,209.82,209.82,809
1638403200,210.0,213.79,209.91,212.99,688
1638489600,213.92,214.38,208.84,210.97,714
1638748800,212.08,214.19,210.73,213.22,599
1638835200,215.93,218.27,215.93,217.81,504
1638921600,218.23,218.96,217.55,218.75,349
1639008000,217.88,218.55,216.9,216.92,1555
1639094400,218.35,218.86,216.97,218.82,809
1639353600,218.45,218.53,216.73,216.75,603
1639440000,215.08,216.17,213.79,215.16,762
1639526400,214.89,218.71,213.9,218.66,694
1639612800,219.48,219.58,215.63,216.41,766
1639699200,214.72,216.57,213.43,214.46,729
1639958400,211.87,212.33,210.46,212.07,840
1640044800,213.98,216.18,212.8,216.18,612
1640131200,215.93,218.27,215.75,218.2,769
1640217600,218.73,220.33,218.66,219.58,459
1640563200,219.84,221.79,219.45,221.77,462
1640649600,222.08,222.51,221.18,221.33,475
1640736000,221.45,222.1,220.87,221.68,664
1640822400,222.22,222.46,221.0,221.19,518
1640908800,221.01,221.47,220.44,220.53,849
1641168000,221.2,221.74,220.15,221.63,1706
1641254400,222.42,222.59,220.2,221.22,576
1641340800,221.04,221.12,216.58,216.64,856
1641427200,216.2,217.85,215.13,216.49,645
1641513600,216.45,217.1,214.8,215.5,609
1641772800,214.44,215.37,210.89,215.22,1157
1641859200,215.05,217.42,213.92,217.42,786
1641945600,218.59,219.0,216.98,217.78,558
1642032000,218.28,218.68,214.06,214.56,680
1642118400,213.04,214.71,212.33,214.66,696
1642464000,211.86,212.34,210.11,210.65,749
1642550400,211.48,212.21,208.41,208.58,1143
1642636800,209.85,211.92,206.08,206.23,932
1642723200,205.57,206.79,202.1,202.1,1693
1642982400,199.26,203.23,193.9,203.08,2582
1643068800,199.95,202.79,197.14,200.16,1965
1643155200,203.58,204.74,197.63,199.73,1926
1643241600,201.94,203.47,197.94,198.47,1573
1643328000,199.21,203.61,197.01,203.56,1817
1643587200,203.33,207.9,202.94,207.71,939
1643673600,208.03,209.56,206.58,209.25,1313
1643760000,210.44,211.23,208.99,210.93,1053
1643846400,207.6,208.73,205.43,205.63,691
1643932800,205.87,208.9,204.77,207.16,766
1644192000,207.36,208.2,205.91,206.47,502
1644278400,206.24,208.57,205.47,208.17,730
1644364800,210.25,211.51,210.25,211.3,957
1644451200,208.29,211.73,206.77,207.56,611
1644537600,207.84,208.43,202.74,203.43,1386
1644796800,203.28,204.0,201.11,202.74,550
1644883200,205.02,206.31,204.91,206.26,733
1644969600,205.24,206.77,204.17,206.35,750
1645056000,204.86,204.91,201.4,201.71,728
1645142400,201.89,202.36,199.12,200.17,872
1645488000,199.5,200.67,196.3,197.96,1298
1645574400,199.6,199.61,194.03,194.24,2501
1645660800,189.14,197.76,188.72,197.53,2657
1645747200,198.14,201.93,197.35,201.93,1322
1646006400,199.03,202.15,198.92,201.49,1243
1646092800,201.17,201.72,197.27,198.4,1072
1646179200,199.54,202.72,199.07,202.05,944
1646265600,203.25,203.25,199.81,200.67,669
1646352000,199.0,199.31,196.91,198.8,1065
1646611200,198.53,198.74,192.69,192.77,1278
1646697600,192.92,196.29,190.79,191.36,1812
1646784000,195.46,197.57,194.65,196.65,1321
1646870400,194.52,196.08,193.41,195.63,1221
1646956800,196.99,197.14,192.77,192.98,569
1647216000,194.01,194.76,190.75,191.28,1141
1647302400,193.54,195.71,193.28,195.52,630
1647388800,199.38,201.05,195.16,201.05,576
1647475200,200.61,202.79,199.61,202.79,1239
1647561600,203.16,205.48,202.48,205.0,770
1647820800,204.41,205.82,203.5,205.14,564
1647907200,207.36,208.11,206.93,207.74,798
1647993600,206.16,206.67,204.41,204.41,604
1648080000,204.97,207.89,204.96,207.89,2553
1648166400,208.03,208.5,206.41,207.82,1907
1648425600,208.06,209.96,207.25,209.91,818
1648512000,211.9,213.09,210.66,212.77,1370
1648598400,212.35,212.54,210.37,211.25,500
1648684800,211.05,211.33,208.07,208.15,1103
1648771200,208.76,208.86,207.03,208.78,485
1649030400,208.87,210.72,208.68,210.72,637
1649116800,210.5,211.07,207.34,207.94,974
1649203200,205.83,206.66,204.18,205.61,877
1649289600,205.33,207.4,204.15,206.42,1229
1649376000,206.15,207.18,205.19,205.82,596
1649635200,204.5,204.5,202.17,202.37,597
1649721600,203.83,205.17,200.9,201.65,880
1649808000,201.48,204.43,201.48,204.14,874
1649894400,204.25,204.65,201.42,201.42,835
1650240000,201.59,202.12,200.27,201.21,620
1650326400,201.49,205.02,201.18,204.65,712
1650412800,205.74,205.76,203.9,204.23,626
1650499200,206.01,206.79,200.69,201.0,956
1650585600,200.33,200.61,195.32,195.6,1278
1650844800,194.37,196.9,192.57,196.89,1254
1650931200,195.61,195.7,191.13,191.13,1093
1651017600,191.61,193.98,190.49,191.5,1419
1651104000,193.81,197.22,191.68,196.45,1392
1651190400,194.43,195.62,188.76,189.18,1019
1651449600,188.98,190.78,186.0,190.39,2080
1651536000,190.44,192.16,189.85,190.97,1643
1651622400,191.4,197.06,189.6,196.71,2174
1651708800,194.39,194.76,187.59,189.69,1493
1651795200,188.09,189.88,185.65,188.24,1714
1652054400,185.03,185.69,181.06,181.91,2302
1652140800,184.95,185.43,180.22,182.32,2148
1652227200,181.75,184.46,178.86,179.1,2470
1652313600,177.52,180.79,175.81,179.23,2928
1652400000,181.21,184.38,180.88,183.69,1180
1652659200,183.01,184.56,181.85,182.79,980
1652745600,185.73,186.53,183.97,186.49,904
1652832000,184.33,184.42,178.35,178.98,1637
1652918400,177.49,180.07,177.01,178.1,1357
1653004800,179.66,180.04,173.93,178.16,1871
1653264000,179.54,181.79,178.38,181.41,1870
1653350400,179.27,180.24,176.67,179.74,1570
1653436800,178.85,182.39,178.85,181.49,1305
1653523200,181.84,185.87,181.83,185.11,2013
1653609600,186.48,189.85,186.48,189.85,714
1653955200,189.0,190.18,187.45,188.61,1153
1654041600,190.09,190.18,185.95,187.11,918
1654128000,186.84,190.86,186.11,190.85,967
1654214400,188.26,189.24,187.3,187.62,769
1654473600,189.68,190.38,187.73,188.26,515
1654560000,186.56,190.3,186.4,190.09,485
1654646400,189.11,190.27,187.76,188.12,899
1654732800,187.21,188.29,183.54,183.54,905
1654819200,180.52,180.53,178.09,178.09,1102
1655078400,173.41,174.21,170.44,171.08,1721
1655164800,172.09,172.4,169.09,170.52,2733
1655251200,172.03,175.22,169.95,173.13,1893
1655337600,169.05,169.11,166.1,167.52,3646
1655424000,167.6,169.22,166.09,167.8,1764
1655769600,170.75,172.69,170.66,172.03,1017
1655856000,169.94,173.83,169.94,171.77,2250
1655942400,172.0,173.21,170.63,173.05,1067
1656028800,174.69,178.42,174.64,178.35,617
1656288000,179.0,179.0,177.28,177.82,670
1656374400,178.92,179.78,174.0,174.09,1242
1656460800,174.35,174.82,173.02,173.86,1120
1656547200,171.85,173.94,170.22,172.37,2171
1656633600,172.06,174.45,170.88,174.21,1281
1656979200,171.72,174.84,170.53,174.81,1056
1657065600,174.9,176.48,173.74,175.32,1208
1657152000,176.62,178.42,176.62,178.02,848
1657238400,177.26,178.85,176.6,177.83,961
1657497600,176.61,177.06,175.43,175.72,521
1657584000,176.07,176.55,173.37,174.18,879
1657670400,171.5,174.49,171.5,173.27,1548
1657756800,170.62,173.01,169.68,172.69,1548
1657843200,174.95,176.06,173.99,176.0,660
1658102400,177.56,177.88,174.11,174.63,1354
1658188800,176.63,179.56,176.19,179.39,1225
1658275200,179.39,181.35,178.9,180.68,893
1658361600,180.36,182.5,179.37,182.5,1015
1658448000,182.66,183.18,179.69,180.7,792
1658707200,180.92,181.21,179.79,180.77,1121
1658793600,179.63,179.89,178.09,178.47,943
1658880000,180.32,184.02,180.15,183.27,991
1658966400,184.02,185.91,182.03,185.54,795
1659052800,186.38,188.66,185.91,188.2,444
1659312000,186.95,188.94,186.91,187.69,535
1659398400,187.0,188.94,186.17,186.74,702
1659484800,187.86,190.36,187.8,189.75,697
1659571200,189.73,190.11,188.94,189.76,885
1659657600,187.72,189.75,187.72,189.51,312
1659916800,190.3,191.5,188.86,189.31,523
1660003200,188.96,188.99,187.91,188.4,398
1660089600,191.85,192.67,191.14,192.61,507
1660176000,193.96,194.92,192.19,192.5,1010
1660262400,193.52,195.75,193.14,195.75,528
1660521600,194.79,196.9,194.79,196.52,393
1660608000,196.16,197.85,195.58,196.96,461
1660694400,195.29,196.67,194.51,195.34,362
1660780800,195.65,196.2,194.88,195.86,420
1660867200,194.51,194.62,192.74,193.19,373
1661126400,190.57,190.76,188.68,189.17,560
1661212800,188.97,190.05,188.41,188.6,423
1661299200,188.47,189.99,188.34,189.23,398
1661385600,189.82,192.09,189.82,192.04,364
1661472000,192.09,192.15,185.53,185.6,576
1661731200,183.98,185.7,183.65,184.18,608
1661817600,184.94,184.95,181.21,182.27,1030
1661904000,183.01,183.68,180.81,180.81,911
1661990400,179.7,181.42,178.34,181.31,1142
1662076800,183.0,183.67,178.55,179.36,970
1662422400,179.82,180.07,177.71,178.71,997
1662508800,178.56,182.31,178.49,181.94,740
1662595200,180.6,183.4,180.45,183.26,724
1662681600,184.63,186.62,184.45,186.19,688
1662940800,187.26,188.53,187.11,188.27,615
1663027200,184.22,184.22,179.55,180.01,1064
1663113600,180.79,181.41,179.24,180.82,803
1663200000,179.97,181.38,178.19,178.75,669
1663286400,176.88,177.53,175.71,177.22,1229
1663545600,175.83,178.55,175.83,178.55,664
1663632000,176.78,177.47,175.23,176.48,1495
1663718400,177.48,178.77,173.55,173.55,730
1663804800,173.1,173.49,171.51,171.83,929
1663891200,169.59,169.6,166.11,168.25,1786
1664150400,167.6,169.27,166.0,166.56,1694
1664236800,168.36,169.34,165.06,166.2,2181
1664323200,166.73,170.31,165.96,169.52,2123
1664409600,167.78,167.83,164.56,165.9,2870
1664496000,165.84,167.44,163.42,163.48,1828
1664755200,165.05,168.59,164.52,167.72,1306
1664841600,170.4,173.0,170.37,172.95,1457
1664928000,170.65,173.64,169.79,172.64,1480
1665014400,171.93,173.27,170.66,170.9,1950
1665100800,168.64,168.91,165.18,166.01,1416
1665360000,166.67,166.67,163.56,164.64,1279
1665446400,163.52,165.86,162.52,163.46,1904
1665532800,163.53,164.39,162.86,163.07,1200
1665619200,159.26,167.86,159.02,167.19,2514
1665705600,168.25,168.94,163.0,163.35,1825
1665964800,166.52,168.05,166.52,167.58,1075
1666051200,171.5,171.5,168.02,169.61,1720
1666137600,168.5,169.87,167.06,168.41,1421
1666224000,168.17,170.28,166.61,167.03,1716
1666310400,166.74,171.16,166.29,171.01,1343
1666569600,171.77,173.5,170.41,172.96,1078
1666656000,172.81,176.06,172.81,175.86,1039
1666742400,174.16,177.07,174.16,174.5,1091
1666828800,175.33,175.89,173.35,173.64,1785
1666915200,173.56,177.95,173.56,177.73,1248
1667174400,176.22,177.36,176.07,176.38,890
1667260800,176.4,176.64,175.18,175.68,668
1667347200,174.61,177.45,171.18,171.18,1000
1667433600,169.95,170.87,169.35,169.44,945
1667520000,172.46,172.79,168.87,171.65,1337
1667779200,172.37,173.57,171.45,173.24,1465
1667865600,173.8,175.56,172.28,174.2,838
1667952000,173.12,173.65,170.37,170.55,1092
1668038400,177.1,180.26,176.09,180.05,1664
1668124800,180.45,182.34,179.87,182.03,938
1668384000,181.4,182.69,180.28,180.28,614
1668470400,183.49,183.75,180.34,181.98,761
1668556800,181.21,181.54,180.24,180.53,867
1668643200,177.81,180.19,177.8,179.89,827
1668729600,181.11,181.11,179.38,180.7,610
1668988800,180.01,180.4,179.08,179.91,542
1669075200,180.57,182.3,180.16,182.22,433
1669161600,182.08,183.71,182.08,183.44,435
1669334400,183.23,183.67,183.13,183.44,188
1669593600,181.88,182.74,180.16,180.63,1008
1669680000,180.6,181.11,179.4,180.19,866
1669766400,180.34,185.85,179.51,185.85,870
1669852800,186.65,186.9,184.68,185.93,969
1669939200,183.2,186.08,183.16,185.68,721
1670198400,184.39,184.7,181.62,182.22,704
1670284800,182.11,182.32,178.52,179.54,707
1670371200,179.3,180.2,178.74,179.22,450
1670457600,180.12,181.1,179.34,180.62,865
1670544000,180.21,181.27,179.3,179.34,537
1670803200,179.66,181.91,179.43,181.91,721
1670889600,186.99,187.09,182.06,183.31,761
1670976000,183.35,184.85,180.92,182.26,543
1671062400,179.57,180.19,176.92,177.72,773
1671148800,176.52,176.92,174.54,175.58,1067
1671408000,175.7,175.85,173.2,173.96,738
1671494400,173.45,174.93,173.02,174.22,1051
1671580800,175.34,177.33,175.23,176.78,687
1671667200,174.33,174.6,170.81,173.45,1104
1671753600,173.0,174.38,172.19,174.32,690
1672099200,174.25,174.41,172.97,173.64,884
1672185600,173.65,174.5,171.45,171.63,1580
1672272000,172.86,175.05,172.75,174.62,1112
1672358400,173.41,174.25,172.44,174.25,825
1672704000,175.21,176.0,172.14,173.51,846
1672790400,174.52,175.7,173.15,174.83,1693
1672876800,173.82,173.88,172.56,172.73,770
1672963200,174.04,177.14,172.77,176.6,634
1673222400,177.62,179.19,176.54,176.59,473
1673308800,176.81,177.79,176.15,177.78,419
1673395200,178.66,180.17,178.33,180.16,742
1673481600,180.54,181.44,178.78,180.84,658
1673568000,179.03,181.75,179.03,181.53,464
1673913600,181.65,182.31,180.95,181.27,898
1674000000,181.75,182.38,178.32,178.38,1248
1674086400,177.31,178.16,176.49,177.06,499
1674172800,177.74,180.53,177.07,180.49,779
1674432000,180.82,183.6,180.52,182.72,537
1674518400,182.05,182.86,181.45,182.57,458
1674604800,180.55,182.65,179.42,182.47,580
1674691200,184.0,184.62,182.47,184.6,363
1674777600,183.85,186.22,183.84,185.14,531
1675036800,183.92,184.81,182.57,182.64,787
1675123200,183.18,185.4,182.96,185.4,628
1675209600,184.58,188.73,183.74,187.45,608
1675296000,189.5,191.06,188.65,190.26,587
1675382400,187.78,190.4,187.71,188.21,557
1675641600,187.14,187.73,186.4,187.13,340
1675728000,186.77,190.13,186.31,189.56,406
1675814400,188.7,189.24,187.27,187.56,508
1675900800,189.27,189.29,185.35,185.83,551
1675987200,185.39,186.33,185.0,186.15,350
1676246400,186.55,188.37,186.39,188.33,291
1676332800,187.64,189.5,186.51,188.4,413
1676419200,187.45,189.22,187.1,189.22,704
1676505600,187.0,188.72,186.56,186.58,506
1676592000,185.55,186.09,184.58,185.93,380
1676937600,184.24,184.52,182.12,182.27,425
1677024000,182.49,183.19,181.4,181.93,661
1677110400,183.39,183.67,181.01,182.93,728
1677196800,180.4,181.34,179.77,180.93,562
1677456000,182.53,183.16,181.19,181.58,416
1677542400,181.52,182.27,181.11,181.13,340
1677628800,180.56,181.07,179.66,180.22,641
1677715200,179.24,181.97,179.07,181.56,635
1677801600,182.28,184.64,182.19,184.56,563
1678060800,184.96,186.08,184.47,184.64,393
1678147200,184.58,184.75,181.57,181.85,678
1678233600,182.08,182.47,181.1,182.15,562
1678320000,182.41,183.29,178.33,178.68,597
1678406400,178.29,179.32,175.33,176.04,942
1678665600,175.46,178.0,175.27,175.79,741
1678752000,179.04,179.52,176.74,178.74,582
1678838400,176.15,177.74,175.19,177.69,1049
1678924800,177.04,181.0,177.03,180.86,794
1679011200,179.3,179.47,178.21,178.81,741
1679270400,179.73,180.55,179.14,180.36,479
1679356800,181.54,183.07,181.34,182.76,314
1679443200,183.26,184.46,179.72,179.72,355
1679529600,181.12,182.15,178.3,179.45,346
1679616000,179.16,181.13,178.0,181.13,869
1679875200,181.71,181.97,180.58,180.83,482
1679961600,180.62,180.85,179.61,180.5,498
1680048000,182.43,183.29,181.95,183.11,549
1680134400,184.27,184.52,183.4,184.24,323
1680220800,184.71,187.03,184.71,186.86,479
1680480000,186.68,187.69,186.49,187.53,689
1680566400,187.71,187.98,185.97,186.48,471
1680652800,186.19,186.39,185.13,185.97,553
1680739200,185.58,186.77,185.06,186.64,624
1681084800,185.51,186.8,185.23,186.79,559
1681171200,187.03,187.57,186.66,186.83,611
1681257600,187.78,187.98,185.87,186.08,463
1681344000,186.73,188.79,186.57,188.62,507
1681430400,188.39,189.32,187.05,188.26,365
1681689600,188.09,188.8,187.6,188.8,387
1681776000,189.58,189.62,188.46,188.99,721
1681862400,188.2,189.35,188.08,188.96,417
1681948800,187.53,188.71,187.17,187.69,370
1682035200,188.12,188.21,187.1,187.99,916
1682294400,188.0,188.35,187.23,188.07,381
1682380800,187.27,187.46,185.07,185.1,855
1682467200,185.63,185.97,184.13,184.39,525
1682553600,185.58,188.13,185.45,188.02,369
1682640000,187.63,189.54,187.63,189.54,372
1682899200,189.45,190.24,189.3,189.46,402
1682985600,189.0,189.07,186.0,187.25,645
1683072000,187.69,188.49,185.95,186.05,503
1683158400,185.56,185.65,184.15,184.73,501
1683244800,186.52,188.67,186.45,188.06,334
1683504000,188.46,188.54,187.89,188.35,287
1683590400,187.56,188.08,187.48,187.52,433
1683676800,188.95,189.09,186.74,188.44,412
1683763200,188.16,188.26,187.24,188.1,419
1683849600,188.7,188.76,186.72,187.87,467
1684108800,188.07,188.67,187.26,188.51,805
1684195200,188.0,188.29,187.22,187.23,426
1684281600,188.15,189.8,187.46,189.48,456
1684368000,189.43,191.55,189.39,191.38,519
1684454400,191.71,192.03,190.53,191.05,448
1684713600,191.17,191.87,190.72,191.19,327
1684800000,190.47,190.95,188.93,189.18,468
1684886400,188.11,188.39,187.27,187.77,438
1684972800,189.51,189.91,188.3,189.23,548
1685059200,189.75,192.17,189.75,191.84,581
1685404800,192.65,193.08,191.33,192.03,413
1685491200,191.05,191.52,190.26,190.92,471
1685577600,191.04,193.35,190.56,192.78,533
1685664000,194.5,196.04,194.08,195.57,549
1685923200,195.83,196.44,195.02,195.3,550
1686009600,195.0,195.97,194.72,195.79,429
1686096000,195.95,196.42,194.73,194.87,387
1686182400,195.08,196.27,194.6,196.19,236
1686268800,196.75,197.48,196.02,196.47,344
1686528000,197.0,198.31,196.73,198.31,300
1686614400,199.09,199.89,198.69,199.61,414
1686700800,199.73,200.7,198.29,199.82,531
1686787200,199.47,202.99,199.47,202.47,588
1686873600,203.59,203.59,201.58,201.58,457
1687219200,200.63,201.14,199.71,200.76,386
1687305600,200.13,200.48,199.37,199.6,395
1687392000,198.99,200.34,198.97,200.31,346
1687478400,197.89,198.92,197.84,198.08,357
1687737600,197.91,198.72,197.13,197.18,553
1687824000,197.87,199.75,197.57,199.54,401
1687910400,199.06,200.13,198.75,199.52,448
1687996800,199.47,200.41,199.3,200.33,403
1688083200,201.8,203.15,201.8,202.72,512
1688342400,202.5,203.06,202.43,203.0,207
1688515200,202.1,202.97,202.1,202.72,519
1688601600,201.08,201.2,199.85,201.0,484
1688688000,200.49,202.39,200.42,200.51,365
1688947200,200.79,201.14,200.2,200.98,401
1689033600,201.44,202.69,200.96,202.47,354
1689120000,204.25,204.7,203.54,203.95,552
1689206400,205.03,206.16,204.95,205.88,446
1689292800,206.37,206.65,205.39,205.5,551
1689552000,205.89,206.99,205.72,206.5,530
1689638400,206.27,208.35,206.24,208.11,503
1689724800,208.34,209.19,208.15,208.44,715
1689811200,208.11,208.4,206.68,207.05,424
1689897600,207.76,207.93,207.06,207.09,465
1690156800,207.71,208.25,207.25,207.91,282
1690243200,207.89,209.03,207.89,208.45,372
1690329600,207.97,209.15,207.72,208.44,489
1690416000,210.16,210.35,206.68,207.13,530
1690502400,208.64,209.53,208.39,209.15,553
1690761600,209.46,209.77,208.88,209.68,321
1690848000,208.85,209.34,208.66,209.09,410
1690934400,207.55,207.56,205.73,206.05,440
1691020800,205.22,206.36,204.8,205.45,485
1691107200,206.33,207.25,204.3,204.46,580
1691366400,205.56,206.33,205.0,206.22,409
1691452800,204.92,205.5,203.73,205.29,345
1691539200,205.44,205.56,203.63,203.79,295
1691625600,205.02,206.53,203.54,203.97,378
1691712000,203.09,204.26,202.88,203.65,402
1691971200,203.38,204.86,203.22,204.83,370
1692057600,204.09,204.23,202.3,202.53,424
1692144000,202.25,203.12,201.09,201.09,497
1692230400,201.88,201.89,199.32,199.47,657
1692316800,198.04,200.03,198.0,199.59,593
1692576000,200.09,201.3,199.17,200.94,669
1692662400,201.78,201.78,200.19,200.42,570
1692748800,200.88,202.95,200.88,202.61,448
1692835200,203.43,203.57,199.89,199.93,609
1692921600,200.5,201.83,199.0,201.18,392
1693180800,202.3,202.78,201.68,202.52,416
1693267200,202.46,205.57,202.46,205.56,504
1693353600,205.78,206.65,205.4,206.31,411
1693440000,206.92,207.23,206.11,206.11,410
1693526400,207.47,207.53,205.95,206.49,338
1693872000,206.38,206.58,205.75,205.79,273
1693958400,205.41,205.41,203.41,204.38,361
1694044800,202.75,204.1,202.75,203.86,347
1694131200,204.01,204.88,203.76,204.22,335
1694390400,205.59,205.68,204.71,205.54,368
1694476800,204.9,205.62,204.21,204.41,361
1694563200,204.6,205.18,204.07,204.6,376
1694649600,205.82,206.66,205.15,206.32,461
1694736000,205.64,205.7,203.72,203.84,713
1694995200,203.62,204.55,203.54,203.95,358
1695081600,203.49,203.76,202.27,203.54,575
1695168000,203.91,204.26,201.57,201.59,555
1695254400,199.5,199.66,197.51,197.54,612
1695340800,198.02,198.83,197.0,197.14,413
1695600000,196.34,197.97,196.34,197.89,609
1695686400,196.65,196.85,194.73,195.13,581
1695772800,195.95,195.95,193.49,195.15,675
1695859200,194.68,197.15,194.68,196.3,457
1695945600,197.81,197.88,195.31,195.87,952
1696204800,195.34,196.32,194.57,195.79,491
1696291200,194.74,195.51,192.53,193.05,563
1696377600,193.37,194.87,192.72,194.66,760
1696464000,194.56,194.87,193.11,194.41,709
1696550400,193.44,197.56,192.73,196.9,626
1696809600,196.08,198.42,195.79,198.11,490
1696896000,198.33,200.43,198.33,199.19,720
1696982400,199.83,200.1,198.63,200.03,304
1697068800,200.15,200.47,197.7,198.8,579
1697155200,199.61,200.01,197.05,197.73,531
1697414400,198.76,200.31,198.76,199.78,618
1697500800,198.57,200.74,198.27,199.84,464
1697587200,199.01,199.42,196.63,197.16,462
1697673600,197.51,198.22,195.1,195.54,676
1697760000,195.15,195.38,192.95,192.96,609
1698019200,192.21,194.42,191.36,192.72,624
1698105600,193.86,194.63,192.84,194.14,399
1698192000,193.2,193.2,191.03,191.2,727
1698278400,190.53,191.14,188.5,188.8,936
1698364800,189.77,189.82,187.49,188.11,821
1698624000,188.94,190.84,188.92,190.27,415
1698710400,190.32,191.69,190.06,191.58,502
1698796800,192.93,193.88,191.98,193.63,559
1698883200,196.3,197.43,196.23,197.32,652
1698969600,198.77,199.91,198.53,199.21,376
1699228800,199.65,199.87,198.71,199.55,414
1699315200,199.69,200.67,199.2,200.31,437
1699401600,200.61,200.86,199.4,200.56,512
1699488000,200.99,201.0,198.76,198.86,420
1699574400,199.83,202.09,199.2,202.06,601
1699833600,201.63,202.25,201.03,201.88,409
1699920000,204.66,206.38,204.61,205.87,593
1700006400,206.48,207.0,205.81,206.21,655
1700092800,206.13,206.53,205.49,206.46,605
1700179200,206.62,206.99,206.05,206.69,414
1700438400,206.5,208.73,206.5,208.36,412
1700524800,207.67,208.07,207.32,207.97,410
1700611200,209.09,209.35,208.22,208.79,396
1700784000,208.74,208.99,208.71,208.89,125
1701043200,208.61,209.05,208.42,208.62,324
1701129600,208.47,209.42,208.15,208.82,474
1701216000,209.8,210.39,208.61,208.77,414
1701302400,209.22,209.73,208.27,209.55,375
1701388800,209.24,211.07,209.1,210.84,509
1701648000,209.27,209.84,208.7,209.67,430
1701734400,209.11,210.1,208.96,209.66,372
1701820800,210.67,210.78,208.71,208.78,422
1701907200,209.8,210.69,209.58,210.51,354
1701993600,210.21,211.62,210.03,211.36,451
1702252800,211.13,212.32,211.13,212.3,536
1702339200,212.09,213.26,211.6,213.18,447
1702425600,213.36,216.27,213.24,216.11,576
1702512000,217.09,217.66,215.69,216.8,892
1702598400,216.49,217.12,216.17,216.64,778
1702857600,217.2,218.25,217.19,217.86,786
1702944000,218.03,219.17,218.03,219.14,638
1703030400,218.77,219.57,215.94,215.94,560
1703116800,216.84,217.37,215.49,217.34,654
1703203200,217.7,218.41,216.81,217.67,626
1703548800,217.82,219.02,217.82,218.59,543
1703635200,218.51,219.06,218.32,218.96,554
1703721600,219.15,219.49,218.92,219.1,574
1703808000,219.04,219.28,217.56,218.4,758
1704153600,216.8,217.5,216.05,216.94,620
1704240000,215.94,216.35,215.0,215.2,528
1704326400,215.0,216.29,214.56,214.57,408
1704412800,214.58,216.05,214.24,214.9,605
1704672000,215.05,218.06,215.05,218.0,448
1704758400,216.84,218.16,216.63,217.67,282
1704844800,217.87,219.38,217.74,219.08,316
1704931200,219.36,219.6,217.02,219.01,448
1705017600,219.7,219.91,218.42,219.02,384
1705363200,218.42,218.99,217.44,218.25,501
1705449600,216.81,217.21,215.97,216.97,494
1705536000,217.82,219.12,217.17,218.93,473
1705622400,219.51,221.79,219.2,221.59,683
1705881600,222.5,223.06,221.94,222.19,502
1705968000,222.52,222.97,221.97,222.93,369
1706054400,224.09,224.66,222.94,223.04,483
1706140800,223.92,224.27,223.0,224.16,409
1706227200,224.02,224.69,223.57,223.93,477
1706486400,224.13,225.81,223.95,225.78,409
1706572800,225.59,225.9,225.25,225.68,685
1706659200,224.49,224.76,221.94,221.94,617
1706745600,222.78,224.79,222.33,224.77,397
1706832000,225.22,227.96,224.84,227.24,608
1707091200,226.99,227.01,225.32,226.31,729
1707177600,226.77,227.16,226.13,227.06,554
1707264000,228.02,229.21,227.78,228.93,392
1707350400,228.97,229.29,228.74,229.29,281
1707436800,229.41,230.69,229.4,230.48,507
1707696000,230.51,231.53,230.07,230.32,525
1707782400,227.0,227.98,225.69,227.2,484
1707868800,228.42,229.55,227.45,229.55,499
1707955200,229.63,230.9,229.42,230.84,538
1708041600,230.67,231.21,229.47,229.65,532
1708387200,228.95,229.18,227.3,228.25,496
1708473600,227.6,228.47,226.8,228.43,461
1708560000,231.52,233.62,231.17,233.25,496
1708646400,234.28,234.43,233.12,233.52,411
1708905600,233.69,233.82,232.63,232.63,402
1708992000,232.83,233.14,232.04,233.09,315
1709078400,232.42,232.95,232.11,232.59,302
1709164800,233.59,234.24,232.29,233.54,456
1709251200,233.99,235.82,233.8,235.78,639
1709510400,235.32,236.26,235.26,235.38,455
1709596800,234.4,234.5,231.86,232.91,385
1709683200,234.58,235.14,233.63,234.13,520
1709769600,235.61,236.91,235.18,236.63,404
1709856000,236.81,237.96,234.72,235.09,439
1710115200,233.85,235.03,233.79,234.75,286
1710201600,236.8,237.51,235.85,237.29,351
1710288000,237.13,237.49,236.35,236.9,325
1710374400,236.66,236.66,235.12,236.4,465
1710460800,235.08,235.65,234.08,234.72,555
1710720000,237.21,237.21,235.99,236.17,343
1710806400,235.45,237.54,235.45,237.3,503
1710892800,237.83,239.72,237.2,239.6,1215
1710979200,241.26,241.38,240.39,240.39,415
1711065600,239.32,239.8,239.08,239.29,254
1711324800,238.88,239.11,238.56,238.66,283
1711411200,239.15,239.38,238.03,238.05,375
1711497600,238.7,240.0,238.46,240.0,507
1711584000,240.09,240.69,239.76,239.76,459
1711929600,240.28,240.62,239.06,239.64,638
1712016000,237.69,238.12,236.98,238.12,549
1712102400,237.6,239.08,237.54,238.41,569
1712188800,240.26,240.39,235.32,235.45,563
1712275200,235.94,238.81,235.93,237.99,548
1712534400,238.3,238.75,237.74,238.02,402
1712620800,238.86,239.04,236.1,238.31,504
1712707200,235.61,236.87,235.1,236.04,653
1712793600,236.69,238.51,235.17,237.86,1026
1712880000,236.21,236.81,233.82,234.57,622
1713139200,236.55,236.56,231.18,231.58,691
1713225600,231.63,232.41,230.61,231.08,782
1713312000,232.15,232.22,229.11,229.75,545
1713398400,230.39,231.34,228.93,229.25,512
1713484800,229.1,229.6,226.62,227.17,537
1713744000,228.53,230.47,227.29,229.26,516
1713830400,230.14,232.26,230.05,232.06,607
1713916800,232.64,232.88,230.95,232.07,381
1714003200,228.91,231.41,228.29,231.06,600
1714089600,232.45,233.99,232.18,233.48,335
1714348800,234.15,234.5,232.85,234.09,411
1714435200,233.36,233.81,230.36,230.45,458
1714521600,230.08,233.1,229.44,229.54,527
1714608000,231.51,232.19,229.28,231.85,376
1714694400,234.86,235.04,233.51,234.65,430
1714953600,235.72,237.11,235.59,237.11,334
1715040000,237.68,238.0,237.03,237.44,332
1715126400,236.46,237.56,236.46,237.37,442
1715212800,237.61,238.65,237.21,238.6,393
1715299200,239.4,239.76,238.46,239.01,430
1715558400,239.63,239.67,238.62,238.96,331
1715644800,239.03,240.28,238.8,240.05,364
1715731200,241.32,243.23,240.96,243.06,968
1715817600,243.27,243.92,242.56,242.66,453
1715904000,242.87,242.94,242.19,242.94,320
1716163200,243.07,243.93,243.01,243.27,312
1716249600,243.01,243.98,242.97,243.82,354
1716336000,243.68,243.91,242.24,243.15,343
1716422400,244.58,244.58,240.9,241.36,438
1716508800,242.2,243.27,241.83,242.93,323
1716854400,243.25,243.44,241.84,243.08,391
1716940800,241.11,241.93,241.08,241.36,331
1717027200,240.68,240.87,239.15,239.75,297
1717113600,240.11,241.67,237.54,241.6,483
1717372800,242.39,242.47,239.57,241.78,492
1717459200,241.24,242.56,240.64,242.19,605
1717545600,243.43,245.09,242.56,245.09,403
1717632000,245.23,245.51,244.45,245.01,399
1717718400,244.31,246.15,244.19,244.73,355
1717977600,244.58,245.76,244.29,245.6,316
1718064000,244.9,246.35,244.05,246.3,424
1718150400,248.57,249.47,247.96,248.37,446
1718236800,249.13,249.19,247.61,248.87,400
1718323200,248.15,248.97,247.7,248.97,389
1718582400,248.59,251.63,248.54,250.97,465
1718668800,251.19,251.68,250.93,251.64,490
1718841600,252.13,252.4,250.16,250.95,587
1718928000,250.48,251.11,250.06,250.51,448
1719187200,250.62,251.66,249.84,249.85,514
1719273600,250.3,251.0,249.8,250.91,591
1719360000,250.2,251.49,250.17,251.23,416
1719446400,251.26,251.86,250.86,251.65,514
1719532800,251.19,252.53,249.31,249.7,578
1719792000,250.49,250.56,249.24,250.44,567
1719878400,249.64,252.06,249.64,252.06,438
1719964800,252.22,253.35,252.11,252.69,333
1720137600,253.33,254.87,253.14,254.67,371
1720396800,255.12,255.37,254.47,254.84,954
1720483200,255.46,255.7,255.03,255.11,330
1720569600,255.82,257.76,255.53,257.59,342
1720656000,257.69,258.03,255.06,255.36,404
1720742400,255.72,258.61,255.72,256.85,369
1721001600,258.0,259.18,256.92,257.71,381
1721088000,258.29,259.33,258.02,259.24,336
1721174400,256.61,256.98,255.36,255.62,475
1721260800,256.03,256.56,252.51,253.46,722
1721347200,253.48,254.08,251.47,251.86,445
1721606400,253.57,254.73,252.86,254.53,672
1721692800,254.24,255.42,253.9,254.08,321
1721779200,251.91,251.98,247.96,248.21,720
1721865600,248.22,251.0,246.67,246.93,607
1721952000,248.67,250.9,248.43,249.67,335
1722211200,250.27,250.87,249.02,249.77,375
1722297600,250.39,251.02,246.95,248.49,328
1722384000,251.59,253.74,251.27,252.47,340
1722470400,253.66,254.34,247.44,248.9,663
1722556800,245.26,246.08,242.27,244.25,630
1722816000,233.87,239.8,233.4,237.16,1261
1722902400,238.26,242.76,237.33,239.28,844
1722988800,242.02,243.62,237.46,237.77,795
1723075200,240.38,243.57,239.36,243.2,429
1723161600,243.03,244.94,242.58,244.4,385
1723420800,245.17,245.63,243.56,244.45,350
1723507200,246.1,248.66,246.09,248.56,398
1723593600,249.19,249.9,247.96,249.5,404
1723680000,252.24,253.81,251.82,253.52,342
1723766400,253.03,254.48,253.03,254.19,377
1724025600,254.27,256.68,254.11,256.67,337
1724112000,256.52,257.28,255.76,256.14,554
1724198400,256.75,257.81,256.1,257.28,530
1724284800,258.08,258.31,254.62,255.15,414
1724371200,256.78,258.16,255.76,257.91,496
1724630400,258.24,258.63,256.47,257.19,344
1724716800,256.45,257.8,256.15,257.55,286
1724803200,257.31,257.66,254.58,256.06,1080
1724889600,256.98,258.58,255.66,256.14,566
1724976000,257.5,258.78,255.66,258.7,332
1725321600,257.15,257.15,252.29,253.15,425
1725408000,252.33,254.18,252.05,252.7,315
1725494400,253.02,253.92,251.0,252.14,428
1725580800,252.63,252.87,247.4,247.86,537
1725840000,249.77,251.2,248.94,250.63,402
1725926400,251.58,251.91,249.38,251.89,433
1726012800,251.58,254.78,247.85,254.42,429
1726099200,254.63,256.65,253.73,256.49,379
1726185600,256.64,258.3,256.64,257.81,257
1726444800,257.79,258.36,257.06,258.2,241
1726531200,259.32,259.89,257.4,258.24,265
1726617600,258.4,260.32,257.35,257.59,340
1726704000,261.95,262.85,260.67,261.98,293
1726790400,261.35,261.97,260.12,261.45,328
1727049600,261.96,262.4,261.55,262.3,248
1727136000,262.52,262.8,261.26,262.72,391
1727222400,263.0,263.16,261.82,262.21,266
1727308800,264.18,264.18,262.3,263.38,210
1727395200,263.11,263.23,261.71,262.09,251
1727654400,261.83,263.4,260.67,263.05,360
1727740800,262.95,262.95,259.67,260.79,320
1727827200,260.26,261.33,259.32,260.94,313
1727913600,260.25,261.34,259.45,260.5,262
1728000000,262.46,263.03,260.74,262.93,258
1728259200,262.01,262.37,260.03,260.3,264
1728345600,261.54,263.22,261.32,262.98,365
1728432000,262.84,265.07,262.7,264.86,291
1728518400,264.31,265.1,263.85,264.5,208
1728604800,264.49,266.42,264.49,266.06,198
1728864000,266.82,268.62,266.75,268.16,221
1728950400,268.37,268.46,265.66,266.13,348
1729036800,266.05,267.55,265.82,267.36,264
1729123200,268.86,268.87,267.31,267.43,368
1729209600,267.78,268.76,267.7,268.42,309
1729468800,268.17,268.47,266.62,267.9,263
1729555200,266.63,268.26,266.5,267.8,255
1729641600,266.88,267.04,263.8,265.34,325
1729728000,266.08,266.23,264.8,265.95,326
1729814400,267.41,268.29,265.49,265.67,174
1730073600,267.18,267.42,266.58,266.62,258
1730160000,266.31,267.64,265.68,267.12,241
1730246400,267.06,267.87,266.0,266.22,270
1730332800,264.16,264.2,261.18,261.18,308
1730419200,262.58,264.33,262.23,262.44,270
1730678400,262.28,262.78,260.87,261.69,329
1730764800,262.72,264.84,262.72,264.83,227
1730851200,270.47,272.02,269.16,271.69,490
1730937600,272.74,274.3,272.66,273.96,395
1731024000,274.21,275.65,274.1,275.01,347
1731283200,275.87,276.0,274.69,275.47,290
1731369600,275.29,275.7,273.6,274.66,295
1731456000,274.9,275.73,274.07,274.74,290
1731542400,275.01,275.01,272.7,273.1,427
1731628800,271.34,271.34,268.63,269.37,325
1731888000,269.38,271.17,269.26,270.61,342
1731974400,269.03,272.0,269.03,271.65,314
1732060800,271.62,271.86,269.24,271.51,436
1732147200,272.94,273.92,270.51,273.35,324
1732233600,273.66,274.51,273.35,274.24,268
1732492800,276.3,276.68,274.13,275.1,358
1732579200,275.92,276.88,275.47,276.7,310
1732665600,276.27,276.56,275.08,275.68,247
1732838400,275.95,277.76,275.95,277.36,174
1733097600,277.84,278.24,277.47,277.9,423
1733184000,277.72,278.21,277.43,278.1,323
1733270400,279.19,280.17,278.97,280.08,326
1733356800,280.2,280.51,279.57,279.59,339
1733443200,280.18,280.77,279.98,280.32,347
1733702400,280.15,280.3,278.46,278.63,233
1733788800,278.69,279.13,277.41,277.68,417
1733875200,279.11,280.33,279.11,279.94,282
1733961600,279.43,279.77,278.53,278.58,348
1734048000,279.4,279.74,277.83,278.44,273
1734307200,279.25,280.18,279.1,279.68,350
1734393600,278.65,278.91,277.88,278.51,473
1734480000,278.36,279.39,270.19,270.2,507
1734566400,272.17,272.99,269.94,270.01,461
1734652800,268.69,275.2,268.4,273.08,358
1734912000,272.43,274.18,270.74,273.87,445
1734998400,274.42,277.01,274.32,276.99,333
1735171200,276.36,277.49,275.59,277.02,413
1735257600,275.32,275.32,272.1,273.99,406
1735516800,270.36,272.34,269.12,270.96,383
1735603200,271.78,271.96,269.1,269.83,439
1735776000,271.17,272.13,267.5,269.08,921
1735862400,270.92,272.97,270.16,272.78,475
1736121600,274.76,276.29,273.56,274.34,668
1736208000,275.32,275.34,270.3,271.2,773
1736294400,271.01,272.07,269.61,271.58,967
1736467200,269.76,269.85,266.55,267.43,1286
1736726400,265.1,267.93,265.07,267.76,994
1736812800,269.34,269.46,266.51,268.15,741
1736899200,272.0,273.61,271.47,273.09,459
1736985600,273.7,273.89,272.44,272.61,318
1737072000,275.28,276.27,274.78,275.45,667
1737417600,276.92,277.93,275.95,277.79,620
1737504000,279.21,280.2,279.14,279.5,476
1737590400,279.14,281.05,279.14,281.05,512
1737676800,281.23,281.59,279.78,280.29,390
1737936000,273.86,276.46,273.86,276.29,614
1738022400,276.73,279.2,275.5,278.77,598
1738108800,278.31,278.54,276.45,277.53,524
1738195200,278.52,279.83,277.15,279.06,584
1738281600,280.36,281.46,277.44,277.97,624
1738540800,273.54,277.12,272.57,275.92,988
1738627200,275.84,277.98,275.73,277.84,446
1738713600,277.35,278.98,276.4,278.98,313
1738800000,279.43,279.9,278.23,279.86,466
1738886400,280.3,280.74,277.1,277.38,805
1739145600,278.81,279.58,278.31,279.29,390
1739232000,278.17,279.62,278.17,279.32,601
1739318400,276.58,279.02,276.54,278.51,511
1739404800,279.24,281.49,278.53,281.38,572
1739491200,281.42,281.93,281.07,281.5,434
1739836800,281.96,281.98,280.81,281.97,357
1739923200,281.65,282.88,281.2,282.65,245
1740009600,281.98,281.98,279.84,281.31,352
1740355200,276.26,277.22,274.81,275.06,385
1740441600,272.23,274.6,271.59,273.55,259
1740528000,274.07,276.0,272.54,273.49,261
1740614400,274.9,275.29,269.36,269.42,235
1740700800,269.07,273.84,268.28,273.5,322
1740960000,274.72,275.19,267.24,268.78,459
1741046400,266.64,269.61,263.47,265.73,739
1741132800,265.66,269.44,264.03,268.78,529
1741219200,264.95,267.04,262.46,263.45,498
1741305600,263.13,265.51,260.14,265.0,578
1741564800,261.26,261.7,255.36,257.59,694
1741651200,257.25,258.77,253.83,255.8,786
1741737600,258.52,259.04,254.88,257.07,655
1741824000,256.43,256.86,252.84,253.5,781
1741910400,255.85,259.25,255.7,258.83,434
1742169600,259.43,262.03,258.85,260.81,570
1742256000,259.57,259.75,257.16,257.96,877
1742342400,258.87,262.55,258.37,260.92,376
1742428800,258.98,262.51,258.94,260.26,348
1742515200,258.19,260.76,257.63,260.52,484
1742774400,263.45,265.59,263.38,265.15,529
1742860800,265.83,266.22,265.09,265.83,357
1742947200,265.55,265.99,261.89,262.59,547
1743033600,260.92,262.61,260.13,260.94,379
1743120000,259.99,260.27,255.18,255.42,610
1743379200,252.68,257.5,251.34,256.92,709
1743465600,255.8,258.71,254.77,257.78,641
1743552000,255.23,260.72,255.15,259.66,354
1743638400,250.74,251.88,246.85,247.01,1612
1743984000,224.31,240.01,221.4,231.62,3989
1744070400,239.82,241.24,225.13,228.56,3203
1744156800,226.84,251.04,226.63,249.7,1991
1744243200,244.35,245.25,234.28,241.44,1582
1744329600,241.23,246.33,239.29,245.56,1151
1744588800,249.92,250.15,245.38,247.77,952
1744675200,248.07,249.81,246.97,247.27,729
1744761600,244.54,245.94,239.33,241.83,835
1744848000,242.96,244.19,241.03,242.17,778
1745193600,239.83,239.83,233.84,236.36,1311
1745280000,239.4,243.43,238.86,242.47,843
1745366400,248.64,250.92,245.81,246.41,621
1745452800,247.01,251.91,246.59,251.67,463
1745539200,251.85,253.76,250.66,253.61,654
1745798400,253.82,254.91,251.14,253.81,522
1745884800,252.84,255.78,252.7,255.22,519
1745971200,251.32,255.98,249.62,255.31,564
1746057600,258.24,259.88,256.99,256.99,691
1746144000,260.16,261.85,259.22,261.29,473
1746403200,259.24,261.09,258.87,259.61,575
1746489600,256.95,259.39,256.57,257.43,448
1746576000,257.87,259.63,256.29,258.55,655
1746662400,260.49,262.74,258.89,260.27,667
1746748800,261.18,261.48,259.41,259.95,426
1747008000,268.09,268.53,265.92,268.53,485
1747094400,268.73,271.48,268.59,270.62,585
1747180800,271.05,271.46,270.03,270.74,383
1747267200,269.98,272.32,269.66,272.07,551
1747353600,272.27,273.93,271.76,273.93,375
1747612800,271.33,274.42,271.28,274.28,422
1747699200,273.53,273.69,271.77,273.09,412
1747785600,271.56,273.11,268.21,268.71,740
1747872000,268.65,270.42,268.17,268.78,566
1747958400,265.35,268.17,265.35,266.9,913
1748304000,270.02,272.57,269.84,272.27,415
1748390400,272.8,273.29,270.69,271.0,411
1748476800,273.2,273.22,270.26,271.9,518
1748563200,271.5,272.65,269.03,271.89,820
1748822400,271.03,273.41,269.97,273.4,457
1748908800,273.57,275.44,273.31,275.08,501
1748995200,275.56,275.93,274.98,275.04,373
1749081600,275.84,276.49,272.91,273.57,794
1749168000,276.53,277.29,275.67,276.59,474
1749427200,276.76,277.46,276.18,276.73,353
1749513600,277.13,278.45,276.63,278.3,578
1749600000,278.78,279.19,276.77,277.47,577
1749686400,276.96,278.53,276.93,278.5,462
1749772800,276.5,277.71,274.85,275.29,862
1750032000,277.48,278.91,277.41,277.98,620
1750118400,277.0,277.6,275.45,275.77,490
1750204800,275.98,277.47,275.39,275.71,547
1750377600,276.85,277.44,274.38,275.08,558
1750636800,275.09,277.82,273.97,277.68,668
1750723200,279.55,281.3,279.4,280.93,419
1750809600,281.57,281.69,280.44,280.95,331
1750896000,281.86,283.39,281.53,283.12,564
1750982400,283.93,285.28,282.72,284.53,666
1751241600,284.81,285.82,283.98,285.25,518
1751328000,284.66,285.44,283.98,284.9,610
1751414400,284.83,286.23,284.51,286.19,420
1751500800,287.28,288.92,287.28,288.64,316
1751846400,287.65,287.98,285.22,286.48,529
1751932800,286.85,286.96,285.91,286.15,453
1752019200,287.57,288.2,286.55,287.96,347
1752105600,288.13,289.1,287.32,288.56,309
1752192000,287.37,288.12,286.72,287.61,380
1752451200,287.38,288.49,286.98,288.3,387
1752537600,289.67,289.67,287.32,287.33,379
1752624000,287.89,288.37,285.43,288.14,518
1752710400,288.22,290.01,288.22,289.73,328
1752796800,290.31,290.46,289.26,289.54,486
1753056000,290.32,291.57,290.1,290.25,310
1753142400,290.08,290.53,289.01,290.24,386
1753228800,291.32,292.64,290.64,292.6,413
1753315200,293.02,293.49,292.55,292.73,417
1753401600,293.0,294.29,293.0,294.02,289
1753660800,294.38,294.56,293.51,293.99,274
1753747200,294.63,294.87,292.95,293.24,290
1753833600,293.34,294.38,291.73,292.86,459
1753920000,295.54,295.54,291.54,292.24,404
1754006400,288.91,288.91,286.06,287.08,540
1755043200,297.84,298.35,296.69,297.68,261
1755129600,296.7,298.02,296.59,297.67,279
1755216000,298.02,298.02,296.64,297.03,397
1755475200,296.83,297.24,296.57,297.1,270
1755561600,296.88,297.28,294.68,295.15,322
1755648000,294.72,294.85,291.96,294.43,267
1755734400,293.26,294.4,292.54,293.11,309
1755820800,294.42,298.31,294.38,297.49,428
1756080000,297.29,297.73,296.5,296.55,360
1756166400,296.47,297.96,296.2,297.85,440
1756252800,297.82,298.83,297.71,298.46,382
1756339200,299.06,299.9,298.09,299.67,351
1756425600,298.97,299.05,297.14,297.93,339
1756771200,294.29,295.7,293.19,295.66,402
1756857600,296.78,297.48,295.77,297.1,350
1756944000,297.56,299.74,297.17,299.59,358
1757030400,301.01,301.11,297.12,298.47,388
1757289600,299.44,300.14,299.09,299.72,338
1757376000,299.98,300.7,299.15,300.55,357
1757462400,301.85,302.52,300.69,301.43,281
1757548800,302.4,304.12,302.1,303.86,288
1757635200,303.87,304.51,303.62,303.95,267
1757894400,304.95,305.42,304.72,305.33,401
1757980800,305.74,305.77,304.65,304.99,305
1758067200,305.16,305.7,302.38,304.43,615
1758153600,305.95,307.35,305.28,306.21,281
1758240000,306.97,308.09,306.13,307.78,350
1758499200,307.61,309.39,307.56,309.19,266
1758585600,309.06,309.28,306.86,307.35,445
1758672000,307.94,308.0,305.77,306.41,285
1758758400,305.0,305.61,303.32,304.89,345
1758844800,305.96,306.87,305.08,306.75,303
1759104000,307.07,307.54,306.08,306.7,350
1759190400,306.49,308.13,305.87,308.07,621
1759276800,306.61,309.38,306.52,309.12,487
1759363200,309.82,309.87,308.26,309.3,338
1759449600,309.94,310.84,308.92,309.15,248
1759708800,310.43,310.89,309.52,310.45,270
1759795200,310.96,310.97,308.57,309.27,487
1759881600,309.88,311.15,309.51,311.1,468
1759968000,311.3,311.47,309.45,310.19,406
1760054400,311.03,311.66,301.88,301.95,605
1760313600,305.58,307.3,305.27,306.64,327
1760400000,303.71,307.84,302.21,306.3,434
1760486400,308.42,309.8,304.96,307.55,536
1760572800,308.36,309.1,303.99,305.16,504
1760659200,304.55,307.63,304.22,307.02,462
1760918400,309.0,310.69,309.0,310.35,280
1761004800,310.22,311.01,309.79,310.32,255
1761091200,310.24,310.37,306.55,308.6,324
1761177600,308.79,310.91,308.62,310.5,310
1761264000,312.59,313.66,312.38,313.03,300
1761523200,315.52,316.93,315.39,316.87,610
1761609600,317.83,318.49,316.73,317.62,618
1761696000,318.32,318.83,315.78,317.78,983
1761782400,315.93,317.04,314.22,314.35,642
1761868800,316.58,316.59,314.08,315.38,482
1762128000,317.0,317.0,314.41,315.92,817
1762214400,312.36,314.29,311.85,312.12,709
1762300800,311.91,314.68,311.7,313.16,624
1762387200,312.67,312.93,309.11,309.77,879
1762473600,308.53,310.12,305.53,310.12,1067
1762732800,313.06,315.33,312.18,314.92,771
1762819200,314.29,315.97,313.77,315.53,574
1762905600,316.25,316.6,314.88,315.78,716
1762992000,314.18,314.49,309.88,310.44,1183
1763078400,307.52,312.12,306.44,310.41,1287
1763337600,309.22,311.25,305.97,307.42,910
1763424000,305.88,307.29,303.11,305.06,1340
1763510400,305.11,308.32,304.33,306.08,1058
1763596800,311.08,312.06,301.2,301.42,1455
1763683200,302.74,306.72,300.49,304.23,1285
1763942400,305.95,309.43,305.54,308.87,972
1764028800,308.97,312.27,307.23,311.84,771
1764115200,312.98,314.82,312.64,314.01,576
1764288000,314.44,315.8,314.37,315.67,385
1764547200,313.48,315.47,313.48,314.25,690
1764633600,315.01,315.97,313.94,314.98,696
1764720000,314.47,316.46,314.31,315.96,721
1764806400,316.49,316.57,314.87,316.19,557
1764892800,316.82,318.01,316.29,316.84,655
1765152000,317.12,317.12,314.94,315.84,829
1765238400,315.68,316.6,315.33,315.5,735
1765324800,315.23,318.18,314.81,317.54,1328
1765411200,316.37,318.21,315.03,318.18,874
1765497600,317.75,317.95,313.51,314.72,838
1765756800,316.41,316.41,313.58,314.2,697
1765843200,313.53,314.28,311.58,313.39,1030
1765929600,313.79,313.98,309.72,309.78,1111
1766016000,312.97,314.14,311.56,312.35,677
1766102400,313.73,315.29,313.68,315.02,652
1766361600,315.64,316.36,315.29,316.12,1185
1766448000,315.8,317.65,315.8,317.64,781
1766534400,317.55,318.9,317.55,318.7,443
1766707200,318.91,319.31,318.23,318.65,792
1766966400,317.27,318.13,316.81,317.55,792
1767052800,317.43,317.82,316.98,317.13,728
1767139200,317.32,317.32,314.73,314.83,525
1767312000,316.58,317.11,313.8,315.26,1351
1767571200,317.0,318.19,316.9,317.42,1116
1767657600,317.58,319.41,317.49,319.22,1955
1767744000,319.43,320.26,318.13,318.26,1075
1767830400,317.88,318.56,317.27,318.12,1115
1767916800,318.64,320.57,318.02,320.05,945
1768176000,318.71,321.0,318.59,320.58,1362
1768262400,320.81,321.02,318.8,319.88,1256
1768348800,318.75,318.76,316.33,318.3,1509
1768435200,320.19,320.51,318.6,318.97,914
1768521600,319.58,319.85,318.21,318.74,857
1768867200,314.06,315.45,311.75,312.18,1836
1768953600,313.0,317.12,312.33,315.58,1913
1769040000,317.62,318.26,316.38,317.3,1315
1769126400,316.94,318.32,316.6,317.5,1001
1769385600,318.0,319.87,317.8,319.19,693
1769472000,319.85,321.01,319.7,320.51,590
1769558400,321.3,321.51,319.84,320.29,832
1769644800,320.72,320.72,315.46,319.65,1150
1769731200,318.54,319.45,316.39,318.43,1082
1769990400,317.3,320.75,317.3,320.07,1059
1770076800,320.51,320.51,314.71,317.13,1542
1770163200,317.5,317.98,313.62,315.53,1567
1770249600,312.69,314.21,310.8,311.58,1194
1770336000,313.16,318.29,313.14,317.53,1177
1770595200,316.95,319.96,316.78,319.19,891
1770681600,319.72,320.24,317.99,318.08,1164
1770768000,320.05,320.49,316.76,317.96,1273
1770854400,318.99,319.49,312.69,313.18,1643
1770940800,313.12,315.37,311.43,313.2,1668
1771286400,312.6,314.72,310.55,313.74,3633
1771372800,314.14,316.64,314.06,315.31,1169
1771459200,314.22,315.33,313.33,314.54,1061
1771545600,313.54,316.94,313.34,316.65,1675
1771804800,316.06,316.8,312.49,313.32,1094
1771891200,313.14,316.09,312.29,315.67,1045
1771977600,317.02,318.65,317.02,318.4,1011
1772064000,318.11,318.34,314.49,315.07,694
1772150400,313.87,315.53,313.38,315.39,1043
1772409600,311.8,316.42,311.66,315.39,1762
1772496000,310.16,313.66,307.83,312.58,2455
1772582400,313.2,315.78,312.4,314.91,1137
1772668800,313.54,315.1,310.7,313.35,2137
1772755200,309.56,311.0,308.11,309.39,2272
1773014400,306.48,312.75,304.87,312.07,2975
1773100800,311.96,314.26,310.42,311.38,2317
1773187200,311.93,312.76,309.73,311.11,821
1773273600,308.34,308.85,306.29,306.33,2609
1773360000,308.0,309.15,304.19,304.51,1821
1773619200,307.27,308.99,306.86,307.74,1041
1773705600,309.64,310.08,308.21,308.47,849
1773792000,307.26,307.89,304.04,304.14,1466
1773878400,301.79,304.61,301.2,303.3,3244
1773964800,302.53,302.63,297.42,298.96,1585
1774224000,302.99,305.35,301.55,302.3,1818
1774310400,300.29,302.64,299.65,300.93,1553
1774396800,303.75,304.56,301.5,302.59,987
1774483200,300.17,301.74,297.18,297.27,1140
1774569600,295.0,295.2,290.88,291.32,1612
1774828800,293.69,294.07,289.1,290.34,2561
1774915200,293.74,299.35,293.15,298.79,2901
1775001600,300.27,302.56,300.01,301.0,1485
1775088000,297.41,302.15,296.47,301.32,1386
1775433600,301.24,303.1,301.24,302.7,887
1775520000,301.89,303.1,299.21,303.09,1029
1775606400,311.23,311.23,308.59,310.53,1320
1775692800,310.05,312.9,309.59,312.35,956
1775779200,313.17,313.45,311.69,312.09,885
1776038400,311.23,315.36,310.92,315.25,1116
1776124800,316.28,319.19,316.21,319.12,1016
1776211200,319.76,322.05,319.23,321.8,2527
1776297600,322.39,323.14,321.14,322.5,1233
1776384000,324.72,327.44,324.51,326.4,1171
1776643200,326.1,326.39,324.74,325.84,953
1776729600,326.44,327.0,323.18,323.71,1437
1776816000,325.98,327.28,325.73,327.28,799
1776902400,326.24,327.69,323.0,325.8,1180
1776988800,326.89,328.53,326.0,328.32,873
1777248000,327.93,328.91,327.52,328.73,723
1777334400,327.17,327.64,326.1,327.16,794
1777420800,326.8,327.3,325.64,327.06,1179
1777507200,328.31,330.88,326.79,330.55,972
1777593600,331.63,333.33,331.32,331.35,978
1777852800,331.09,332.13,329.01,330.29,1394
1777939200,332.07,333.46,331.95,332.84,1386
1778025600,334.84,337.78,334.77,337.44,1267
1778112000,338.12,338.49,335.59,336.3,1449
1778198400,337.61,339.18,337.61,338.88,739
1778457600,338.58,340.37,338.38,339.66,858
1778544000,338.46,339.49,336.29,339.15,1023
1778630400,339.17,341.97,338.03,341.24,926
1778716800,341.95,344.61,341.82,343.96,672
1778803200,340.97,341.94,339.48,339.85,1266
1779062400,340.14,340.91,337.28,339.54,1280
1779148800,337.81,339.23,336.47,337.49,1070
1779235200,338.28,341.07,337.6,340.93,902
1779321600,339.51,342.58,339.05,341.58,1610
1779408000,343.0,344.48,342.46,342.94,985
1779753600,345.11,345.97,344.26,345.23,1078
1779840000,345.5,345.55,344.13,345.08,1124
1779926400,345.15,347.52,344.72,347.2,915
1780012800,347.76,348.92,347.4,348.26,1359
1780272000,347.99,350.25,347.74,349.29,1324
1780358400,348.94,350.41,348.62,349.99,888
1780444800,349.48,349.65,347.31,347.55,1020
1780531200,346.39,349.54,346.17,348.93,1153
1780617600,346.59,346.94,338.86,339.64,1155
1780876800,342.34,343.4,340.16,340.58,1070
1780963200,342.46,343.99,332.71,339.42,1471
1781049600,337.91,339.93,334.0,334.01,978
1781136000,335.65,340.66,333.56,339.68,1062
1781222400,340.84,342.71,338.6,341.5,1126
1781481600,346.32,348.52,346.17,347.66,909
1781568000,347.61,348.02,345.48,345.66,1080
1781654400,346.26,346.49,340.68,341.45,1111
1781740800,345.39,345.65,343.66,345.16,628
1782086400,345.1,346.54,343.11,343.6,977
1782172800,338.59,341.44,338.0,338.83,874
1782259200,339.49,341.49,337.33,338.4,987
1782345600,341.26,341.26,336.6,337.95,1470
1782432000,335.07,338.78,334.31,336.26,755
1782691200,339.5,341.37,337.01,341.37,919
1782777600,341.21,344.46,341.21,343.81,984
1782864000,343.06,345.18,342.04,343.43,825
1782950400,344.36,346.04,340.8,343.09,709
1783296000,344.97,346.57,344.58,346.0,602
1783382400,345.55,345.56,343.42,344.21,814
1783468800,342.49,343.73,340.78,343.43,741
1783555200,344.07,346.43,343.53,346.26,759
1783641600,346.66,347.93,345.28,347.65,659
1783900800,346.72,347.12,344.5,344.95,927
1783987200,345.58,346.9,344.86,346.23,937
1784073600,347.55,347.93,345.49,347.45,783
1784160000,346.78,347.37,344.22,345.56,653
1784246400,341.55,343.96,340.87,341.97,674
1784505600,344.08,344.62,341.33,341.48,1075
1784592000,343.33,344.78,342.59,344.43,682
1784678400,343.88,345.16,343.71,343.94,809
1784764800,340.41,341.5,338.44,339.79,721
1784851200,339.8,342.17,339.15,339.93,789
1785110400,342.55,343.01,338.57,340.01,1131
1785196800,340.1,341.62,338.58,340.68,776
1785283200,340.13,341.67,335.42,335.7,1047
1785369600,338.66,341.66,338.1,341.3,1376
1785456000,342.64,344.52,339.56,343.57,810
1785715200,344.82,349.24,344.71,348.83,1573
1785801600,350.17,356.08,350.17,355.06,1355
1785888000,357.27,357.59,354.25,354.25,1409
1785974400,354.68,355.35,353.37,353.92,907
1786060800,355.18,356.36,354.42,356.11,629
1786320000,355.86,357.05,355.62,356.12,619
1786406400,356.95,356.95,354.4,354.83,793
1786492800,357.08,357.08,355.47,356.02,790
1786579200,357.07,359.22,356.88,358.38,728
1786665600,358.93,358.93,357.33,357.75,558
1786924800,358.0,358.0,356.02,356.1,736
1787011200,354.4,354.58,353.61,354.17,353
